Estimated_Position (SLAM Frame 18(2710)) [0.99981338, -0.0018097776, -0.019233357, 0.059793115;
  0.0018368689, 0.99999732, 0.0013909859, 0.01797514;
  0.019230789, -0.0014260556, 0.99981403, -0.066903129;
  0, 0, 0, 1]
Estimated_Position (SLAM Frame 19(2729)) [0.99978405, -0.0029600237, -0.020569673, 0.066572443;
  0.0029898863, 0.99999452, 0.0014211701, 0.020080049;
  0.020565353, -0.0014823641, 0.99978739, -0.070748694;
  0, 0, 0, 1]
Estimated_Position (SLAM Frame 20(2746)) [0.99912167, -0.0018629135, -0.041862186, 0.092954732;
  0.0019637372, 0.99999529, 0.0023674723, 0.028796457;
  0.041857578, -0.0024475993, 0.99912059, -0.10113081;
  0, 0, 0, 1]
Estimated_Position (SLAM Frame 21(2760)) [0.99912471, -0.0025320132, -0.041754022, 0.1222186;
  0.0029011178, 0.9999572, 0.0087817535, 0.036773905;
  0.041730002, -0.0088951997, 0.9990893, -0.13312022;
  0, 0, 0, 1]
Estimated_Position (SLAM Frame 22(2777)) [0.99860805, 0.0052988715, -0.052477691, 0.15452056;
  -0.0051165568, 0.99998039, 0.0036078761, 0.047482707;
  0.052495778, -0.003334349, 0.99861556, -0.16273047;
  0, 0, 0, 1]
Estimated_Position (SLAM Frame 23(2791)) [0.99915838, 0.0068185073, -0.040448163, 0.18000779;
  -0.0067261294, 0.99997443, 0.0024195046, 0.057651702;
  0.040463626, -0.0021454087, 0.99917871, -0.19733717;
  0, 0, 0, 1]
Estimated_Position (SLAM Frame 24(2809)) [0.99905652, 0.0035735948, -0.043281186, 0.21683873;
  -0.0032604933, 0.99996799, 0.0073025594, 0.068421572;
  0.043305896, -0.0071545518, 0.99903625, -0.23602279;
  0, 0, 0, 1]
Estimated_Position (SLAM Frame 25(2823)) [0.99813831, 0.0057359813, -0.060720544, 0.24229279;
  -0.0052647707, 0.99995482, 0.0079174675, 0.072415613;
  0.060763214, -0.0075830482, 0.99812341, -0.25317958;
  0, 0, 0, 1]
Estimated_Position (SLAM Frame 26(2838)) [0.99898893, 0.0096861897, -0.043901522, 0.25624514;
  -0.0095332945, 0.99994773, 0.0036907191, 0.08178512;
  0.043934975, -0.0032684614, 0.99902904, -0.28321743;
  0, 0, 0, 1]
Estimated_Position (SLAM Frame 27(2855)) [0.99966472, 0.014055368, -0.021745447, 0.27216199;
  -0.014006432, 0.99989903, 0.0024010409, 0.09299396;
  0.021776998, -0.00209566, 0.99976063, -0.3305597;
  0, 0, 0, 1]
Estimated_Position (SLAM Frame 28(2871)) [0.99918252, 0.014942206, -0.03756348, 0.30509517;
  -0.014649209, 0.99986017, 0.008063253, 0.09546233;
  0.037678711, -0.0075063864, 0.99926174, -0.36034152;
  0, 0, 0, 1]
Estimated_Position (SLAM Frame 29(2890)) [0.99958938, 0.015895862, -0.023840722, 0.32950592;
  -0.015827768, 0.99987012, 0.0030421661, 0.10770252;
  0.023885982, -0.0026635716, 0.99971116, -0.39126873;
  0, 0, 0, 1]
Estimated_Position (SLAM Frame 30(2902)) [0.99953151, 0.021743953, 0.021538576, 0.3307395;
  -0.021701271, 0.99976206, -0.0022134762, 0.12129802;
  -0.021581581, 0.0017450248, 0.99976557, -0.43719742;
  0, 0, 0, 1]
Estimated_Position (SLAM Frame 31(2920)) [0.99854636, 0.02547159, 0.047501728, 0.32208323;
  -0.025825324, 0.99964303, 0.0068478473, 0.1154006;
  -0.047310345, -0.0080646398, 0.99884766, -0.47679541;
  0, 0, 0, 1]
Estimated_Position (SLAM Frame 32(2933)) [0.99818343, 0.038973868, 0.04594424, 0.35450843;
  -0.03989682, 0.99901652, 0.019345332, 0.10237839;
  -0.045145091, -0.021143219, 0.99875665, -0.51439637;
  0, 0, 0, 1]
Estimated_Position (SLAM Frame 33(2952)) [0.99851209, 0.028418565, 0.046540335, 0.38030338;
  -0.029630713, 0.9992339, 0.025565572, 0.11205769;
  -0.045778144, -0.026906556, 0.99858922, -0.53421736;
  0, 0, 0, 1]
Estimated_Position (SLAM Frame 34(2968)) [0.99780178, 0.056602139, 0.034464933, 0.40910727;
  -0.057539396, 0.99798244, 0.026837995, 0.099408843;
  -0.032876309, -0.028762091, 0.99904549, -0.54725432;
  0, 0, 0, 1]
Estimated_Position (SLAM Frame 35(2983)) [0.99171269, 0.030914363, 0.12470061, 0.3508794;
  -0.037485447, 0.99801034, 0.050696932, 0.097838104;
  -0.12288523, -0.054951247, 0.99089837, -0.64650583;
  0, 0, 0, 1]
Estimated_Position (SLAM Frame 36(2998)) [0.98840398, 0.020374237, 0.15047413, 0.35116315;
  -0.02841372, 0.99827015, 0.051472254, 0.11256426;
  -0.14916512, -0.055150911, 0.9872731, -0.68802994;
  0, 0, 0, 1]
Estimated_Position (SLAM Frame 37(3017)) [0.99007559, 0.016229106, 0.13959579, 0.37568817;
  -0.024396151, 0.99807638, 0.056994166, 0.11726364;
  -0.1384023, -0.059834134, 0.98856699, -0.70505005;
  0, 0, 0, 1]
Estimated_Position (SLAM Frame 46(3190)) [0.99999845, -0.0016441412, 0.00062652136, 0.0062358119;
  0.0016465709, 0.99999106, -0.0038975654, -0.00034470903;
  -0.00062010763, 0.003898591, 0.99999219, 0.044960611;
  0, 0, 0, 1]
Estimated_Position (SLAM Frame 47(3209)) [0.99967772, 0.0019888242, 0.02530721, -0.018625969;
  -0.0016939556, 0.9999305, -0.011667674, -0.01115778;
  -0.025328657, 0.011621045, 0.99961162, 0.13915055;
  0, 0, 0, 1]
Estimated_Position (SLAM Frame 48(3223)) [0.99940604, -0.0043973355, 0.034179743, -0.04110489;
  0.0048807533, 0.99988908, -0.014072858, -0.019300833;
  -0.03411407, 0.014231321, 0.99931663, 0.20427641;
  0, 0, 0, 1]
Estimated_Position (SLAM Frame 49(3237)) [0.99976116, -0.0064894524, 0.020869926, -0.050783206;
  0.0068822354, 0.99979949, -0.018804099, -0.023576437;
  -0.020743713, 0.018943239, 0.99960536, 0.26831788;
  0, 0, 0, 1]
Estimated_Position (SLAM Frame 50(3251)) [0.99956566, -0.0069632074, 0.028635832, -0.064560965;
  0.0075429799, 0.99976772, -0.020188466, -0.028899657;
  -0.028488602, 0.020395696, 0.99938601, 0.31313977;
  0, 0, 0, 1]
Estimated_Position (SLAM Frame 51(3267)) [0.99926269, -0.016345358, 0.034741081, -0.046339251;
  0.017115062, 0.99961203, -0.021974796, -0.029254198;
  -0.034368414, 0.022553191, 0.99915475, 0.36811477;
  0, 0, 0, 1]
Estimated_Position (SLAM Frame 52(3282)) [0.99914664, -0.020293523, 0.035973992, -0.04072978;
  0.0211301, 0.99951148, -0.023029462, -0.027235765;
  -0.035489067, 0.023769943, 0.99908733, 0.37293392;
  0, 0, 0, 1]
Estimated_Position (SLAM Frame 53(3306)) [0.99950176, -0.019226668, 0.025029965, -0.033261396;
  0.019846171, 0.99949688, -0.024741933, -0.026712276;
  -0.024541667, 0.025226355, 0.99938047, 0.37483734;
  0, 0, 0, 1]
Estimated_Position (SLAM Frame 54(3325)) [0.99955028, -0.019618643, 0.022677837, -0.034975663;
  0.020184956, 0.99948317, -0.025018964, -0.026710652;
  -0.022175279, 0.025465464, 0.9994297, 0.37408587;
  0, 0, 0, 1]
Estimated_Position (SLAM Frame 55(3343)) [0.99971521, -0.020326974, 0.012504341, -0.027107963;
  0.020657983, 0.99942362, -0.026938017, -0.024489535;
  -0.011949566, 0.027188661, 0.99955887, 0.37990668;
  0, 0, 0, 1]
Estimated_Position (SLAM Frame 56(3358)) [0.99973983, -0.02048987, 0.010020461, -0.027544191;
  0.020754967, 0.99941701, -0.027108835, -0.024361985;
  -0.0094591631, 0.027309757, 0.99958229, 0.37870902;
  0, 0, 0, 1]
Estimated_Position (SLAM Frame 57(3373)) [0.9997468, -0.020791845, 0.0086035067, -0.028967842;
  0.021018699, 0.99940968, -0.027175572, -0.024442447;
  -0.0080333976, 0.027349526, 0.99959368, 0.37883517;
  0, 0, 0, 1]
Estimated_Position (SLAM Frame 58(3391)) [0.99969691, -0.020814167, 0.013146058, -0.022124114;
  0.02115952, 0.99941945, -0.02670181, -0.024094274;
  -0.01258265, 0.02697188, 0.99955702, 0.3839123;
  0, 0, 0, 1]
Estimated_Position (SLAM Frame 59(3411)) [0.9995842, -0.023079401, 0.01728441, -0.01897246;
  0.023533219, 0.99937099, -0.026529735, -0.022512678;
  -0.016661249, 0.026925463, 0.99949861, 0.38423434;
  0, 0, 0, 1]
Estimated_Position (SLAM Frame 60(3427)) [0.99943358, -0.022946516, 0.024615621, -0.016016567;
  0.023561059, 0.99941045, -0.024973003, -0.023619808;
  -0.024028065, 0.02553883, 0.999385, 0.38921767;
  0, 0, 0, 1]
Estimated_Position (SLAM Frame 61(3444)) [0.99939466, -0.023150878, 0.025968628, -0.01402339;
  0.023804354, 0.99940038, -0.025143726, -0.027140755;
  -0.025370957, 0.025746671, 0.99934649, 0.42570734;
  0, 0, 0, 1]
Estimated_Position (SLAM Frame 62(3460)) [0.99891442, -0.034583222, -0.031207941, -0.019474698;
  0.033278417, 0.99858814, -0.041403096, -0.022612561;
  0.032595735, 0.040319599, 0.99865502, 0.51208103;
  0, 0, 0, 1]
Estimated_Position (SLAM Frame 63(3478)) [0.99582762, -0.045124613, -0.079316728, -0.1077364;
  0.042561684, 0.9985249, -0.03371232, -0.051461715;
  0.080720983, 0.030195804, 0.99627924, 0.6016193;
  0, 0, 0, 1]
Estimated_Position (SLAM Frame 64(3494)) [0.99898988, -0.0081258025, -0.044195034, -0.092146918;
  0.0061228252, 0.99895608, -0.045269322, -0.057312068;
  0.044516746, 0.044952996, 0.99799675, 0.57421416;
  0, 0, 0, 1]
Estimated_Position (SLAM Frame 65(3516)) [0.99471033, -0.010594226, -0.10217203, -0.19131288;
  0.0040165847, 0.99791801, -0.064370163, -0.073416673;
  0.10264126, 0.063619286, 0.99268192, 0.65040225;
  0, 0, 0, 1]
Estimated_Position (SLAM Frame 66(3535)) [0.99349791, 0.036961474, -0.10768379, -0.19884862;
  -0.046758212, 0.9948507, -0.08992102, -0.086788401;
  0.10380568, 0.094371445, 0.99011028, 0.66877937;
  0, 0, 0, 1]
Estimated_Position (SLAM Frame 67(3552)) [0.99886405, 0.014368688, -0.045432676, -0.048138414;
  -0.016938657, 0.99824774, -0.056697197, -0.084714003;
  0.044538401, 0.057402361, 0.99735713, 0.73239559;
  0, 0, 0, 1]
Estimated_Position (SLAM Frame 68(3569)) [0.99954414, 0.00601765, -0.029585859, -0.0401829;
  -0.007455904, 0.99878341, -0.048745465, -0.071702495;
  0.029256532, 0.048943833, 0.99837297, 0.69464755;
  0, 0, 0, 1]
Estimated_Position (SLAM Frame 69(3584)) [0.99997169, -0.0025101197, -0.0070936913, 0.033557363;
  0.0021775963, 0.99891585, -0.046500992, -0.043767102;
  0.0072027235, 0.046484228, 0.99889308, 0.61999208;
  0, 0, 0, 1]
Estimated_Position (SLAM Frame 70(3604)) [0.99904305, -0.0012341178, -0.04371988, -0.040775124;
  -0.0010818319, 0.99859875, -0.052909225, -0.049371183;
  0.043723915, 0.052905895, 0.9976418, 0.58981991;
  0, 0, 0, 1]
Estimated_Position (SLAM Frame 71(3617)) [0.999102, 0.017983137, -0.038364522, -0.083652519;
  -0.020087142, 0.99827427, -0.055181183, -0.053096298;
  0.037305985, 0.055902261, 0.99773902, 0.50163984;
  0, 0, 0, 1]
Estimated_Position (SLAM Frame 72(3633)) [0.99917299, -0.0012437068, -0.040642526, -0.023866767;
  -0.00072021218, 0.99883401, -0.04827144, -0.040864654;
  0.040655173, 0.048260789, 0.99800706, 0.53530312;
  0, 0, 0, 1]
Estimated_Position (SLAM Frame 73(3648)) [0.99984354, -0.014347318, 0.010346192, 0.051120788;
  0.014721704, 0.99920434, -0.037066657, -0.022863222;
  -0.0098061534, 0.037213169, 0.99925923, 0.52904761;
  0, 0, 0, 1]
Estimated_Position (SLAM Frame 74(3667)) [0.99632049, -0.049970888, 0.069630466, 0.14280851;
  0.052134324, 0.99820113, -0.029606326, 0.01460493;
  -0.068025753, 0.033127528, 0.99713343, 0.53527331;
  0, 0, 0, 1]
Estimated_Position (SLAM Frame 75(3687)) [0.99414623, -0.014528684, 0.10706192, 0.12573929;
  0.017588224, 0.99946183, -0.027688662, -0.010409925;
  -0.10660201, 0.029409606, 0.99386674, 0.54690892;
  0, 0, 0, 1]
Estimated_Position (SLAM Frame 76(3701)) [0.99079627, -0.026343526, 0.13277331, 0.14448966;
  0.030366309, 0.99913627, -0.028364517, -0.0042368211;
  -0.13191141, 0.032135293, 0.99074048, 0.57978714;
  0, 0, 0, 1]
Estimated_Position (SLAM Frame 77(3715)) [0.99056441, -0.041148257, 0.13072483, 0.11690493;
  0.044680364, 0.99870813, -0.024201063, -0.006973953;
  -0.12956013, 0.029813547, 0.99112326, 0.62477231;
  0, 0, 0, 1]
Estimated_Position (SLAM Frame 78(3729)) [0.99061102, -0.044240057, 0.12935464, 0.071952306;
  0.047697533, 0.99857938, -0.023752486, -0.021205958;
  -0.12812006, 0.029699372, 0.99131387, 0.67767334;
  0, 0, 0, 1]
Estimated_Position (SLAM Frame 79(3743)) [0.99476457, -0.048225552, 0.090098687, -0.013599911;
  0.050829202, 0.99834692, -0.026828995, -0.041073054;
  -0.088655904, 0.031268176, 0.99557143, 0.74658847;
  0, 0, 0, 1]
Estimated_Position (SLAM Frame 80(3762)) [0.99874085, -0.033040654, 0.037749916, -0.13746215;
  0.034427546, 0.99873316, -0.036699429, -0.083339639;
  -0.03648952, 0.037952855, 0.99861306, 0.83533436;
  0, 0, 0, 1]
Estimated_Position (SLAM Frame 81(3780)) [0.99690658, -0.027416425, 0.073658757, -0.14822991;
  0.029642701, 0.99913096, -0.02930274, -0.10039233;
  -0.072791368, 0.03139554, 0.99685293, 0.92066908;
  0, 0, 0, 1]
Estimated_Position (SLAM Frame 82(3798)) [0.99571174, -0.03593725, 0.085244723, -0.10413402;
  0.038465042, 0.99886203, -0.028198104, -0.096777722;
  -0.084134355, 0.031356126, 0.99596095, 0.99081528;
  0, 0, 0, 1]
Estimated_Position (SLAM Frame 83(3813)) [0.99623287, -0.043639887, 0.074937612, -0.12343787;
  0.04595872, 0.99850762, -0.029502265, -0.10397024;
  -0.073538296, 0.032835163, 0.99675173, 1.0544066;
  0, 0, 0, 1]
Estimated_Position (SLAM Frame 84(3826)) [0.99654675, -0.040650804, 0.072402321, -0.11934647;
  0.043039009, 0.99856919, -0.031735759, -0.11044515;
  -0.071008645, 0.034742292, 0.99687046, 1.0971346;
  0, 0, 0, 1]
Estimated_Position (SLAM Frame 85(3842)) [0.99641085, -0.045051955, 0.071664169, -0.10110362;
  0.04741006, 0.99837708, -0.031550743, -0.11022095;
  -0.070126444, 0.034835104, 0.99692971, 1.154543;
  0, 0, 0, 1]
Estimated_Position (SLAM Frame 86(3865)) [0.99976063, -0.020608446, 0.007343262, -0.30473796;
  0.020884236, 0.99899334, -0.039701447, -0.16719647;
  -0.0065176846, 0.039845303, 0.99918461, 1.2151048;
  0, 0, 0, 1]
Estimated_Position (SLAM Frame 87(3881)) [0.99759245, -0.00028325937, -0.069348365, -0.45089552;
  -0.0034210887, 0.99857312, -0.053291917, -0.20103751;
  0.069264509, 0.053400863, 0.99616802, 1.1887386;
  0, 0, 0, 1]
Estimated_Position (SLAM Frame 88(3894)) [0.99474454, 0.052560821, -0.08786758, -0.49046752;
  -0.060065251, 0.99456322, -0.085065708, -0.19676638;
  0.082918741, 0.089896433, 0.99249339, 1.0250329;
  0, 0, 0, 1]
Estimated_Position (SLAM Frame 89(3908)) [0.98471528, 0.078469045, -0.15549426, -0.50431782;
  -0.091316476, 0.99281949, -0.077270575, -0.23493651;
  0.14831439, 0.090288699, 0.98481005, 1.0187806;
  0, 0, 0, 1]
Estimated_Position (SLAM Frame 90(3922)) [0.9817487, 0.061890695, -0.1798304, -0.58089298;
  -0.074963376, 0.99494457, -0.066826224, -0.25434798;
  0.17478538, 0.079087257, 0.98142511, 1.0714651;
  0, 0, 0, 1]
Estimated_Position (SLAM Frame 91(3935)) [0.97789037, 0.035598267, -0.20606601, -0.64163178;
  -0.051610202, 0.99600625, -0.072855398, -0.24252108;
  0.20264952, 0.081879698, 0.97582215, 1.0680969;
  0, 0, 0, 1]
Estimated_Position (SLAM Frame 92(3950)) [0.97119349, 0.023326565, -0.23714769, -0.72963703;
  -0.042974312, 0.99602509, -0.078021131, -0.245373;
  0.23438507, 0.085964873, 0.96833551, 1.0580192;
  0, 0, 0, 1]
Estimated_Position (SLAM Frame 93(3964)) [0.95947224, 0.042977955, -0.27850652, -0.73371053;
  -0.068432629, 0.99425322, -0.082325682, -0.25524685;
  0.27336779, 0.098048136, 0.95689946, 0.99925828;
  0, 0, 0, 1]
Estimated_Position (SLAM Frame 94(3980)) [0.94532281, 0.062153891, -0.32015893, -0.74742776;
  -0.095138386, 0.99152923, -0.088421978, -0.26534677;
  0.31195116, 0.11404671, 0.94322842, 0.93664348;
  0, 0, 0, 1]
Estimated_Position (SLAM Frame 95(4000)) [0.92733598, 0.092001259, -0.36274475, -0.7678597;
  -0.13417475, 0.98660457, -0.092782088, -0.28523609;
  0.34934956, 0.13471135, 0.92725819, 0.87837404;
  0, 0, 0, 1]
Estimated_Position (SLAM Frame 96(4014)) [0.90946126, 0.064330377, -0.41078201, -0.72972822;
  -0.11263696, 0.98913491, -0.094472319, -0.2589106;
  0.4002414, 0.13218814, 0.90682584, 0.78560442;
  0, 0, 0, 1]
Estimated_Position (SLAM Frame 97(4033)) [0.9153744, 0.066073567, -0.39714485, -0.7360732;
  -0.11049258, 0.98979366, -0.089999609, -0.25581458;
  0.38714486, 0.1262649, 0.9133324, 0.82891732;
  0, 0, 0, 1]
Estimated_Position (SLAM Frame 98(4052)) [0.9373889, 0.082258604, -0.338431, -0.73319864;
  -0.11680348, 0.98968309, -0.082972132, -0.27073339;
  0.32811427, 0.11730707, 0.93732601, 0.84514689;
  0, 0, 0, 1]
Estimated_Position (SLAM Frame 99(4066)) [0.93983501, 0.074642293, -0.33337471, -0.81280178;
  -0.10955181, 0.99015325, -0.087149151, -0.28282988;
  0.32358703, 0.11842762, 0.93875784, 1.008755;
  0, 0, 0, 1]
Estimated_Position (SLAM Frame 100(4084)) [0.95194536, 0.068717502, -0.29845932, -0.82834113;
  -0.097080559, 0.99195427, -0.081253149, -0.28877458;
  0.2904745, 0.10632315, 0.95095742, 1.1128297;
  0, 0, 0, 1]
Estimated_Position (SLAM Frame 101(4097)) [0.95726019, 0.068220541, -0.28106746, -0.83766264;
  -0.093956538, 0.99242777, -0.079115845, -0.2980223;
  0.27354184, 0.10214257, 0.95642132, 1.2167567;
  0, 0, 0, 1]
Estimated_Position (SLAM Frame 102(4112)) [0.95790255, 0.070268504, -0.27836135, -0.89369053;
  -0.097593971, 0.99154335, -0.085540771, -0.31714103;
  0.26999652, 0.10910612, 0.95665967, 1.3240453;
  0, 0, 0, 1]
Estimated_Position (SLAM Frame 103(4127)) [0.9530462, 0.072856791, -0.29393005, -0.95957345;
  -0.10366698, 0.990475, -0.090622209, -0.34265873;
  0.28452793, 0.11683799, 0.95152128, 1.3962039;
  0, 0, 0, 1]
Estimated_Position (SLAM Frame 104(4142)) [0.95799851, 0.077436, -0.27612045, -0.97083986;
  -0.10503141, 0.99069345, -0.086573049, -0.35736904;
  0.26684687, 0.11193817, 0.95721608, 1.439895;
  0, 0, 0, 1]
Estimated_Position (SLAM Frame 105(4158)) [0.96092218, 0.070966512, -0.26756734, -1.0189679;
  -0.098047554, 0.99117309, -0.089233533, -0.37287053;
  0.25887293, 0.1119808, 0.95939833, 1.5535313;
  0, 0, 0, 1]
Estimated_Position (SLAM Frame 106(4182)) [0.94687647, 0.083099902, -0.31067571, -1.1416583;
  -0.11661169, 0.98901212, -0.090866618, -0.41746798;
  0.29971105, 0.12226788, 0.9461627, 1.5818322;
  0, 0, 0, 1]
Estimated_Position (SLAM Frame 107(4199)) [0.94616657, 0.095842987, -0.30916491, -1.1323652;
  -0.13050696, 0.98703671, -0.093415469, -0.42158863;
  0.29620391, 0.12873477, 0.94640934, 1.6577415;
  0, 0, 0, 1]
Estimated_Position (SLAM Frame 108(4217)) [0.94284618, 0.071946852, -0.32536855, -1.3104869;
  -0.10907374, 0.98925793, -0.097322762, -0.45793813;
  0.31487134, 0.12724955, 0.94056559, 1.8574893;
  0, 0, 0, 1]
Estimated_Position (SLAM Frame 109(4232)) [0.93158573, 0.082233787, -0.35409829, -1.4568107;
  -0.12737906, 0.98616332, -0.10609642, -0.49258283;
  0.34047407, 0.14394262, 0.92917055, 1.9257271;
  0, 0, 0, 1]
Estimated_Position (SLAM Frame 110(4246)) [0.92568737, 0.075403862, -0.37069818, -1.4938363;
  -0.12418078, 0.98619986, -0.10949421, -0.51307923;
  0.35732621, 0.14739099, 0.92227644, 1.8613113;
  0, 0, 0, 1]
Estimated_Position (SLAM Frame 111(4261)) [0.91999966, 0.065681472, -0.38637614, -1.4876418;
  -0.11747772, 0.98674113, -0.11198635, -0.48551756;
  0.37389782, 0.14841799, 0.91551763, 1.8077762;
  0, 0, 0, 1]
Estimated_Position (SLAM Frame 112(4280)) [0.88193852, 0.092003204, -0.46229845, -1.2633511;
  -0.16490537, 0.97901183, -0.11975852, -0.43640527;
  0.44157749, 0.18185516, 0.87860006, 1.3977966;
  0, 0, 0, 1]
Estimated_Position (SLAM Frame 113(4315)) [0.90556496, 0.1042647, -0.41119453, -1.1769294;
  -0.15746543, 0.9826889, -0.097606868, -0.41977438;
  0.39389935, 0.15313828, 0.90630674, 1.4138556;
  0, 0, 0, 1]
Estimated_Position (SLAM Frame 114(4331)) [0.92139637, 0.094141468, -0.37704927, -1.0804449;
  -0.13297945, 0.98802316, -0.078273162, -0.38139749;
  0.36516467, 0.12226041, 0.92287982, 1.3917946;
  0, 0, 0, 1]
Estimated_Position (SLAM Frame 115(4347)) [0.92528379, 0.10592238, -0.36418456, -1.0382656;
  -0.14586799, 0.98573947, -0.083906405, -0.37059039;
  0.35010353, 0.1307601, 0.92753941, 1.3632771;
  0, 0, 0, 1]
Estimated_Position (SLAM Frame 116(4366)) [0.92628318, 0.091404147, -0.36557454, -0.93653584;
  -0.1296054, 0.98822659, -0.081305698, -0.33773726;
  0.3538388, 0.12269253, 0.92722416, 1.2457399;
  0, 0, 0, 1]
Estimated_Position (SLAM Frame 117(4381)) [0.93198889, 0.071761012, -0.35531256, -0.94199318;
  -0.10637008, 0.99119753, -0.078821875, -0.31403613;
  0.34652859, 0.11125574, 0.9314183, 1.2293646;
  0, 0, 0, 1]
Estimated_Position (SLAM Frame 118(4399)) [0.92755353, 0.06122357, -0.36864093, -0.92258012;
  -0.097906843, 0.99184269, -0.081623286, -0.29101908;
  0.36063653, 0.11180244, 0.92598134, 1.1483698;
  0, 0, 0, 1]
Estimated_Position (SLAM Frame 119(4415)) [0.92721695, 0.063828081, -0.3690457, -0.82936245;
  -0.10012848, 0.9917497, -0.080042511, -0.26730028;
  0.360892, 0.11116876, 0.92595816, 0.98969412;
  0, 0, 0, 1]
Estimated_Position (SLAM Frame 120(4432)) [0.93112862, 0.060018323, -0.35971835, -0.68044508;
  -0.090326793, 0.99358577, -0.068032429, -0.23398085;
  0.35332784, 0.09583915, 0.9305774, 0.8076418;
  0, 0, 0, 1]
Estimated_Position (SLAM Frame 121(4454)) [0.9275732, 0.05616824, -0.36939549, -0.56913149;
  -0.082024656, 0.99513054, -0.05465455, -0.18564038;
  0.3645269, 0.080995634, 0.92766362, 0.63258141;
  0, 0, 0, 1]
Estimated_Position (SLAM Frame 122(4474)) [0.94629639, 0.055057783, -0.31857774, -0.44349578;
  -0.071045786, 0.99671906, -0.038776189, -0.15331577;
  0.31539759, 0.059327375, 0.94710326, 0.38678119;
  0, 0, 0, 1]
Estimated_Position (SLAM Frame 123(4486)) [0.95332533, 0.045584351, -0.29848436, -0.3622086;
  -0.054465324, 0.99828422, -0.02149873, -0.14447813;
  0.29699221, 0.036752332, 0.95417237, 0.25042444;
  0, 0, 0, 1]
Estimated_Position (SLAM Frame 124(4505)) [0.96310467, 0.042154349, -0.26580518, -0.25649381;
  -0.041640237, 0.99910396, 0.0075719813, -0.13652524;
  0.26588619, 0.0037755796, 0.96399701, 0.036039244;
  0, 0, 0, 1]
Estimated_Position (SLAM Frame 153(5075)) [0.99918461, 0.0027597053, -0.040280115, 0.036221728;
  -0.0031914313, 0.99993813, -0.010657729, 0.0068126456;
  0.040248211, 0.01077759, 0.99913156, 0.033337276;
  0, 0, 0, 1]
Estimated_Position (SLAM Frame 154(5092)) [0.99922514, 0.006991256, -0.038733546, 0.023236444;
  -0.0073302472, 0.99993598, -0.0086167715, 0.0027715401;
  0.038670823, 0.0088940216, 0.99921244, 0.0039026397;
  0, 0, 0, 1]
Estimated_Position (SLAM Frame 155(5115)) [0.99948263, 0.0015335368, -0.032126393, 0.095152244;
  -0.0019464802, 0.99991584, -0.012826386, 0.024619447;
  0.032104019, 0.012882283, 0.99940151, -0.0037766651;
  0, 0, 0, 1]
Estimated_Position (SLAM Frame 156(5136)) [0.9995507, 0.00087994296, -0.029960301, 0.082634322;
  -0.0011259117, 0.99996579, -0.0081939418, 0.025162287;
  0.029952066, 0.0082239928, 0.9995175, -0.034157049;
  0, 0, 0, 1]
Estimated_Position (SLAM Frame 157(5156)) [0.99927104, 0.0031086975, -0.038049519, 0.077705279;
  -0.0032266576, 0.99999017, -0.0030391584, 0.018902518;
  0.038039695, 0.0031597158, 0.99927121, -0.051008601;
  0, 0, 0, 1]
Estimated_Position (SLAM Frame 158(5176)) [0.99897128, 0.0044963737, -0.045123253, 0.082354091;
  -0.0046792175, 0.99998128, -0.0039472873, 0.019484954;
  0.04510466, 0.0041543683, 0.99897361, -0.050972864;
  0, 0, 0, 1]
Estimated_Position (SLAM Frame 159(5202)) [0.99885637, 0.0038592459, -0.047655266, 0.082141265;
  -0.0040860646, 0.99998081, -0.0046630786, 0.020052146;
  0.047636352, 0.0048524686, 0.99885297, -0.050985824;
  0, 0, 0, 1]
Estimated_Position (SLAM Frame 160(5225)) [0.99891168, 0.0041077733, -0.046460971, 0.079964958;
  -0.0042886552, 0.99998361, -0.0037941856, 0.01945715;
  0.046444625, 0.0039893114, 0.99891287, -0.055300348;
  0, 0, 0, 1]
Estimated_Position (SLAM Frame 161(5244)) [0.99883676, 0.004047127, -0.048049428, 0.080132797;
  -0.004250932, 0.99998242, -0.0041401456, 0.019694626;
  0.048031829, 0.0043395841, 0.9988364, -0.055581421;
  0, 0, 0, 1]
Estimated_Position (SLAM Frame 162(5267)) [0.99881458, 0.0037002394, -0.048535943, 0.079213738;
  -0.0039055115, 0.99998385, -0.0041351262, 0.01977393;
  0.048519857, 0.0043197819, 0.99881285, -0.056125317;
  0, 0, 0, 1]
Estimated_Position (SLAM Frame 163(5286)) [0.99884957, 0.0033440373, -0.047836326, 0.077605516;
  -0.0035367513, 0.99998599, -0.0039445362, 0.019860882;
  0.047822464, 0.0041091838, 0.99884742, -0.058478944;
  0, 0, 0, 1]
Estimated_Position (SLAM Frame 164(5306)) [0.99879968, 0.0035386125, -0.048853546, 0.077193096;
  -0.003743072, 0.99998462, -0.0040943017, 0.019645914;
  0.048838306, 0.0042722495, 0.99879754, -0.058138814;
  0, 0, 0, 1]
Estimated_Position (SLAM Frame 165(5327)) [0.99946856, 0.0026790313, -0.032487735, 0.076197259;
  -0.0027613607, 0.99999309, -0.0024895687, 0.0196179;
  0.03248084, 0.0025779561, 0.99946904, -0.056215845;
  0, 0, 0, 1]
Estimated_Position (SLAM Frame 166(5347)) [0.99869031, 0.005118378, -0.050906576, 0.068541303;
  -0.0052349251, 0.99998397, -0.0021563645, 0.015860954;
  0.050894722, 0.0024200324, 0.9987011, -0.049175076;
  0, 0, 0, 1]
Estimated_Position (SLAM Frame 167(5369)) [0.99967557, 0.015149883, 0.020476082, 0.057783578;
  -0.014987521, 0.99985522, -0.0080597345, 0.018910164;
  -0.020595223, 0.0077502336, 0.99975783, -0.0069535384;
  0, 0, 0, 1]
Estimated_Position (SLAM Frame 168(5386)) [0.99617112, 0.020420302, -0.085006461, 0.034981959;
  -0.021305, 0.99972779, -0.0095131975, -0.00069049938;
  0.084789053, 0.011287834, 0.99633497, 0.0088846404;
  0, 0, 0, 1]
Estimated_Position (SLAM Frame 169(5404)) [0.99037486, 0.025813725, -0.13598283, -0.028523594;
  -0.027434442, 0.99957299, -0.010057743, -0.022579014;
  0.13566513, 0.013691548, 0.99066013, 0.026763294;
  0, 0, 0, 1]
Estimated_Position (SLAM Frame 170(5425)) [0.98405206, 0.050545231, -0.17054838, -0.017648574;
  -0.053236641, 0.99851865, -0.011241793, -0.033896245;
  0.16972752, 0.020141931, 0.98528516, 0.026915401;
  0, 0, 0, 1]
Estimated_Position (SLAM Frame 171(5450)) [0.96830231, 0.072890863, -0.23890921, -0.05927318;
  -0.078093134, 0.99686933, -0.012369083, -0.058949377;
  0.23725967, 0.03063418, 0.97096312, 0.11920532;
  0, 0, 0, 1]
Estimated_Position (SLAM Frame 172(5464)) [0.95497382, 0.10204824, -0.27858776, -0.090744853;
  -0.10657062, 0.99430454, -0.0010952636, -0.093774423;
  0.27688929, 0.030735217, 0.96041018, 0.16036066;
  0, 0, 0, 1]
Estimated_Position (SLAM Frame 173(5482)) [0.9487713, 0.10102738, -0.29937682, -0.1419493;
  -0.10657582, 0.99430209, -0.0022190786, -0.1024429;
  0.29744682, 0.034011725, 0.95413238, 0.20528153;
  0, 0, 0, 1]
Estimated_Position (SLAM Frame 174(5502)) [0.92196894, 0.12420437, -0.36680594, -0.20661776;
  -0.13436334, 0.99092972, -0.0021838013, -0.1364826;
  0.36320767, 0.05129867, 0.93029493, 0.24949363;
  0, 0, 0, 1]
Estimated_Position (SLAM Frame 175(5516)) [0.91445768, 0.14124976, -0.37923032, -0.23264834;
  -0.15123715, 0.98849136, 0.0034917777, -0.15340152;
  0.37535909, 0.054160628, 0.92529571, 0.29528794;
  0, 0, 0, 1]
Estimated_Position (SLAM Frame 176(5537)) [0.91401887, 0.13128646, -0.38384032, -0.29908469;
  -0.14166844, 0.9899134, 0.0012364436, -0.16744269;
  0.38013101, 0.053247929, 0.92339867, 0.38823959;
  0, 0, 0, 1]
Estimated_Position (SLAM Frame 177(5556)) [0.88703144, 0.14174554, -0.43941256, -0.37696645;
  -0.15895358, 0.98728317, -0.0023982867, -0.18895544;
  0.43348467, 0.071973547, 0.89828217, 0.40874746;
  0, 0, 0, 1]
Estimated_Position (SLAM Frame 178(5574)) [0.87004328, 0.16174845, -0.46568453, -0.44468361;
  -0.1817999, 0.98333371, 0.0018873715, -0.21930718;
  0.45822862, 0.083019309, 0.88494879, 0.39782658;
  0, 0, 0, 1]
Estimated_Position (SLAM Frame 179(5589)) [0.85092515, 0.16419615, -0.49896497, -0.48903599;
  -0.1885283, 0.98206633, 0.0016595309, -0.23323068;
  0.49028921, 0.092656881, 0.86662054, 0.37936518;
  0, 0, 0, 1]
Estimated_Position (SLAM Frame 180(5610)) [0.87398416, 0.16190979, -0.45818877, -0.57179451;
  -0.18194507, 0.98330861, 0.00041505229, -0.2453257;
  0.45060816, 0.083002441, 0.8888548, 0.4119572;
  0, 0, 0, 1]
Estimated_Position (SLAM Frame 181(5626)) [0.86752987, 0.15809493, -0.47159082, -0.65855676;
  -0.17409351, 0.98467994, 0.0098423781, -0.27733189;
  0.46592203, 0.073562346, 0.88176256, 0.53159672;
  0, 0, 0, 1]
Estimated_Position (SLAM Frame 182(5644)) [0.8631435, 0.15723491, -0.47985467, -0.73055702;
  -0.17996004, 0.98367298, -0.0013829294, -0.29680088;
  0.47180262, 0.08754833, 0.87734687, 0.61750215;
  0, 0, 0, 1]
Estimated_Position (SLAM Frame 183(5662)) [0.84524161, 0.15194057, -0.51232874, -0.82010746;
  -0.18513928, 0.98261213, -0.014031555, -0.31293333;
  0.50128847, 0.10671222, 0.85867476, 0.736673;
  0, 0, 0, 1]
Estimated_Position (SLAM Frame 184(5677)) [0.8351742, 0.15331654, -0.52818376, -0.88620412;
  -0.18724877, 0.98225135, -0.010962031, -0.3359797;
  0.51712853, 0.10805696, 0.84905934, 0.74589902;
  0, 0, 0, 1]
Estimated_Position (SLAM Frame 185(5694)) [0.83495665, 0.14965598, -0.52957577, -0.88693297;
  -0.16954565, 0.98545903, 0.011172268, -0.37069356;
  0.52354723, 0.080458909, 0.84818906, 0.73533344;
  0, 0, 0, 1]
Estimated_Position (SLAM Frame 186(5712)) [0.83395642, 0.14854389, -0.53146154, -0.9216665;
  -0.17143828, 0.98517448, 0.0063402392, -0.37712926;
  0.52452415, 0.085825369, 0.84705871, 0.7833631;
  0, 0, 0, 1]
Estimated_Position (SLAM Frame 187(5730)) [0.83240294, 0.14493404, -0.53488261, -0.93158531;
  -0.17226039, 0.98505074, -0.0011641335, -0.38278034;
  0.52671784, 0.093108125, 0.84492558, 0.79552114;
  0, 0, 0, 1]
Estimated_Position (SLAM Frame 188(5748)) [0.82618457, 0.14514944, -0.54438102, -0.93895745;
  -0.17568295, 0.98443806, -0.0041439747, -0.38449058;
  0.53530788, 0.099062145, 0.83882785, 0.78267634;
  0, 0, 0, 1]
Estimated_Position (SLAM Frame 189(5764)) [0.82343847, 0.13961665, -0.54996026, -0.93722302;
  -0.17701375, 0.98409086, -0.015209202, -0.39231426;
  0.53908741, 0.10987437, 0.83505231, 0.76921785;
  0, 0, 0, 1]
Estimated_Position (SLAM Frame 190(5780)) [0.81400383, 0.13846482, -0.56411457, -0.8939476;
  -0.17486079, 0.98453546, -0.01066066, -0.37018651;
  0.55391467, 0.10731934, 0.82562774, 0.68729466;
  0, 0, 0, 1]
Estimated_Position (SLAM Frame 191(5805)) [0.83853197, 0.14321247, -0.52569419, -0.75084895;
  -0.17169455, 0.9851349, -0.0054932251, -0.32025132;
  0.517093, 0.094865069, 0.85065591, 0.59417903;
  0, 0, 0, 1]
Estimated_Position (SLAM Frame 192(5825)) [0.85318089, 0.19465536, -0.48393351, -0.64434344;
  -0.22411078, 0.97455871, -0.003107782, -0.2523804;
  0.47101668, 0.11110622, 0.87509924, 0.45123148;
  0, 0, 0, 1]
Estimated_Position (SLAM Frame 193(5842)) [0.87170732, 0.16936108, -0.45982951, -0.44513765;
  -0.18336575, 0.982939, 0.014419167, -0.22382195;
  0.45442641, 0.071747683, 0.88789016, 0.2333737;
  0, 0, 0, 1]
Estimated_Position (SLAM Frame 194(5860)) [0.81904477, 0.13009696, -0.55878478, -0.32808959;
  -0.16392232, 0.98641616, -0.010612288, -0.17815906;
  0.54981375, 0.10028924, 0.82924479, 0.27901;
  0, 0, 0, 1]
Estimated_Position (SLAM Frame 195(5878)) [0.83407497, 0.1275707, -0.53669792, -0.21976307;
  -0.15339881, 0.98815811, -0.0035142305, -0.15647987;
  0.52989411, 0.085259959, 0.84376711, 0.18843448;
  0, 0, 0, 1]
Estimated_Position (SLAM Frame 196(5905)) [0.81055307, 0.13322407, -0.57031137, -0.099300347;
  -0.16948476, 0.985475, -0.010673836, -0.1179555;
  0.56060559, 0.10531081, 0.82135922, 0.042720702;
  0, 0, 0, 1]
Estimated_Position (SLAM Frame 197(5928)) [0.82658088, 0.11821112, -0.55026376, -0.019500632;
  -0.15772654, 0.98716986, -0.024859516, -0.074479796;
  0.54026514, 0.1073396, 0.83462077, -0.0051399157;
  0, 0, 0, 1]
Estimated_Position (SLAM Frame 198(5945)) [0.82546955, 0.11204125, -0.55321497, 0.095707543;
  -0.13040739, 0.99144107, 0.0062090894, -0.083483122;
  0.54917568, 0.067017913, 0.83301538, -0.10628843;
  0, 0, 0, 1]
Estimated_Position (SLAM Frame 199(5966)) [0.83875901, 0.11615518, -0.53196931, 0.14741567;
  -0.12251033, 0.99218941, 0.023481257, -0.079720967;
  0.53054178, 0.045476615, 0.84643799, -0.13615212;
  0, 0, 0, 1]
Estimated_Position (SLAM Frame 200(5984)) [0.88043135, 0.13242736, -0.45530611, 0.14605288;
  -0.13076229, 0.99078453, 0.035316367, -0.081924431;
  0.45578709, 0.028443236, 0.88963425, -0.20071676;
  0, 0, 0, 1]
Estimated_Position (SLAM Frame 201(5996)) [0.9170934, 0.13168232, -0.37629706, 0.12111136;
  -0.1268231, 0.99120569, 0.037777737, -0.078832902;
  0.37796244, 0.013077443, 0.92572856, -0.21487516;
  0, 0, 0, 1]
Estimated_Position (SLAM Frame 202(6014)) [0.93444848, 0.11933985, -0.33550569, 0.10938405;
  -0.11568027, 0.99280423, 0.030949857, -0.073257133;
  0.33678502, 0.009890344, 0.94152963, -0.19215131;
  0, 0, 0, 1]
