%YAML:1.0

# 1: realtime, 0: non-realtime
test.RealTime: 1
# Time for visual-inertial initialization
test.VINSInitTime: 15

# Modify test.InitVIOTmpPath and bagfile to the correct path
# Path to save tmp files/results
test.InitVIOTmpPath: "/home/rasp/CLionProjects/LearnVI_Drone/tmp/"

## For good initialization (no movement at the beginning for some bag)
test.DiscardTime: 0

#bagfile: "/home/jp/TimeV1_01_easy.bag"
## bad: V1_03_difficult(wrong), V2_03_difficult(lost)
## not so good(cant close loop without loopclosure): V1_02_medium, V2_02_medium, MH_05_difficult
## good: V1_01_easy, V2_01_easy, MH_01_easy, MH_02_easy, MH_03_medium, MH_04_difficult

#test.DiscardTime: 18
#bagfile: "/media/jp/JingpangPassport/3dataset/EuRoC-VIO/un_restamped/MH_03_medium.bag"

#bagfile: "/media/jp/JingpangPassport/3dataset/EuRoC-VIO/un_restamped/MH_04_difficult.bag"
#bagfile: "/media/jp/JingpangPassport/3dataset/EuRoC-VIO/un_restamped/MH_05_difficult.bag"
#bagfile: "/media/jp/JingpangPassport/3dataset/EuRoC-VIO/un_restamped/MH_02_easy.bag"
#bagfile: "/media/jp/JingpangPassport/3dataset/EuRoC-VIO/un_restamped/MH_01_easy.bag"
bagfile: "./VIROB/V1_02_medium.bag"
#bagfile: "/media/jp/JingpangPassport/3dataset/EuRoC-VIO/un_restamped/V2_01_easy.bag"
#bagfile: "/media/jp/JingpangPassport/3dataset/EuRoC-VIO/un_restamped/V1_02_medium.bag"
#bagfile: "/media/jp/JingpangPassport/3dataset/EuRoC-VIO/un_restamped/V1_01_easy.bag"

#bagfile: "/media/jp/JingpangPassport/3dataset/EuRoC-VIO/un_restamped/V1_03_difficult.bag"
#bagfile: "/media/jp/JingpangPassport/3dataset/EuRoC-VIO/un_restamped/V2_03_difficult.bag"


#######################################

imutopic: "/imu0"
imagetopic: "/cam0/image_raw"


# Timestamp shift. Timage = Timu + image_delay
Camera.delaytoimu: 0

# acc=acc*9.8, if below is 1
IMU.multiplyG: 1

# camera-imu frame transformation, Pi = Tic * Pc
#
Camera.Tbc:
#dynamic
#  [0.01680204, -0.99985871, 0.0004992, -0.01587557,
#   0.99985864, 0.01680234, 0.00061457, -0.06821959,
#  -0.00062287, 0.0004888, 0.99999969, 0.00381979,
#   0.00000, 0.00000, 0.00000, 1.00000]

#kalibr set 8 
#  [0.64151039, -0.11422282,  0.75856283,  0.14067501,
#   0.4424293,  -0.75272657, -0.48750285, -0.12874459,
#   0.62667434,  0.64834857, -0.43234639, -0.11603465,
#   0.0,         0.0,        0.0,         1.0       ]

#x90 z90 assuming that camera and IMU are in the same position
#  [0.09615595, 0.6290605, 0.77138636, 0.00121567,
#   -0.51468137,  0.69475565, -0.50241186,  0.00067576,
#   -0.85197249, -0.3487083,   0.39057061,  0.00099324,
#   0.00000, 0.00000, 0.00000, 1.00000]

 [-0.448074, -0.400576, 0.79923, 0,
  -0.893997, 0.20077, -0.400576, 0,
   0, -0.893997, -0.448074, 0,
   0, 0, 0, 1]
#Mat
# [-0.028138531, 0.99822032, -0.052577067, 0.056792397,
#   0.024918856, 0.053282037, 0.99826854, -0.15064347,
#   0.99929339, 0.02677965, -0.026373787, -0.11770736,
#   0.0, 0.0, 0.0, 1.0]
 #[-0.024682356, 0.99087548, -0.13250136, 0.041862302,
 # -0.084068544, 0.13001493, 0.98794162, -0.15906197,
 # 0.99615425, 0.035523925, 0.080092385, -0.15419175,
 # 0.0, 0.0, 0.0, 1.0]

# Local Window size
LocalMapping.LocalWindowSize: 20

OutputFolder: "/home/rasp/CLionProjects/LearnVI_Drone/tmp/"
#./VIROB/tmp/
#--------------------------------------------------------------------------------------------
# Camera Parameters. Adjust them!
#--------------------------------------------------------------------------------------------

# Camera calibration and distortion parameters (OpenCV) 
Camera.fx: 890.075305745835
Camera.fy: 1003.03890630689
Camera.cx: 935.593285443884
Camera.cy: 563.291997129915

Camera.k1: -0.38339686070143
Camera.k2: 0.229036905099609
Camera.k3: -0.0959181355234616
Camera.p1: 0.000281868599274158
Camera.p2: 0.000486922496864555

Camera.width: 480
Camera.height: 848

# Camera frames per second 
Camera.fps: 10

# IR projector baseline times fx (aprox.)
Camera.bf: 40.0

# Color order of the images (0: BGR, 1: RGB. It is ignored if images are grayscale)
Camera.RGB: 0

# Close/Far threshold. Baseline times.
ThDepth: 40.0

# Deptmap values factor
DepthMapFactor: 1.0

#--------------------------------------------------------------------------------------------
# ORB Parameters
#--------------------------------------------------------------------------------------------

# ORB Extractor: Number of features per image
ORBextractor.nFeatures: 6000

# ORB Extractor: Scale factor between levels in the scale pyramid 
ORBextractor.scaleFactor: 1.2

# ORB Extractor: Number of levels in the scale pyramid 
ORBextractor.nLevels: 8

# ORB Extractor: Fast threshold
# Image is divided in a grid. At each cell FAST are extracted imposing a minimum response.
# Firstly we impose iniThFAST. If no corners are detected we impose a lower value minThFAST
# You can lower these values if your images have low contrast   
ORBextractor.iniThFAST: 20 #20
ORBextractor.minThFAST: 7 #7

#--------------------------------------------------------------------------------------------
# Viewer Parameters
#--------------------------------------------------------------------------------------------
Viewer.KeyFrameSize: 0.05
Viewer.KeyFrameLineWidth: 1
Viewer.GraphLineWidth: 0.9
Viewer.PointSize:2
Viewer.CameraSize: 0.08
Viewer.CameraLineWidth: 3
Viewer.ViewpointX: 0
Viewer.ViewpointY: -0.7
Viewer.ViewpointZ: -1.8
Viewer.ViewpointF: 500

