Estimated_Position (SLAM Frame 35(890)) [0.99769384, 0.00028454239, 0.067874692, -0.040113606;
  -0.00083123764, 0.99996746, 0.0080263726, -0.01027387;
  -0.067870192, -0.0080642821, 0.99766159, 0.062237132;
  0, 0, 0, 1]
Estimated_Position (SLAM Frame 36(906)) [0.99673051, 0.0021416787, 0.080769233, 0.018570216;
  -0.0030455468, 0.99993408, 0.011069214, 0.0011341522;
  -0.080740198, -0.011279009, 0.99667138, 0.0052759484;
  0, 0, 0, 1]
Estimated_Position (SLAM Frame 37(916)) [0.99727356, -0.0032571072, 0.073721513, 0.081252992;
  0.0022606796, 0.99990505, 0.013595514, 0.016399786;
  -0.073758796, -0.013391786, 0.99718618, -0.052749664;
  0, 0, 0, 1]
Estimated_Position (SLAM Frame 38(925)) [0.99765122, -0.0068610432, 0.068153657, 0.12831351;
  0.0059396806, 0.99988836, 0.013712357, 0.02869189;
  -0.068240121, -0.013275339, 0.99758059, -0.094971202;
  0, 0, 0, 1]
Estimated_Position (SLAM Frame 39(938)) [0.9961375, 0.0026787936, 0.087766461, -0.03864304;
  -0.0035441685, 0.99994659, 0.0097056255, -0.0094879856;
  -0.08773578, -0.0099791959, 0.99609381, 0.06418208;
  0, 0, 0, 1]
Estimated_Position (SLAM Frame 40(951)) [0.99545324, 0.0014219542, 0.095240779, -0.11469153;
  -0.0022833538, 0.99995744, 0.0089360699, -0.026790338;
  -0.095224015, -0.0091129085, 0.99541414, 0.14195104;
  0, 0, 0, 1]
Estimated_Position (SLAM Frame 41(962)) [0.99545926, -0.0026769056, 0.095150843, -0.1678136;
  0.001596868, 0.99993348, 0.011425126, -0.039016686;
  -0.095175095, -0.011221305, 0.99539727, 0.19439217;
  0, 0, 0, 1]
Estimated_Position (SLAM Frame 42(972)) [0.99561894, -0.002320576, 0.093474694, -0.18793558;
  0.0014064092, 0.99995053, 0.0098445211, -0.04232591;
  -0.093492918, -0.0096699279, 0.99557298, 0.215673;
  0, 0, 0, 1]
Estimated_Position (SLAM Frame 43(984)) [0.99576128, -0.0044740112, 0.091866806, -0.18695734;
  0.0034763634, 0.99993324, 0.011016869, -0.042183112;
  -0.091909967, -0.010650809, 0.99571037, 0.21464866;
  0, 0, 0, 1]
Estimated_Position (SLAM Frame 44(996)) [0.99591392, -0.0026162565, 0.09026935, -0.16601859;
  0.0018315519, 0.99995983, 0.0087746633, -0.038249463;
  -0.090288684, -0.0085734762, 0.99587876, 0.19519222;
  0, 0, 0, 1]
Estimated_Position (SLAM Frame 45(1010)) [0.99563462, 0.0016130171, 0.093322404, -0.12744515;
  -0.0024863763, 0.99995416, 0.0092430022, -0.029886136;
  -0.093303218, -0.0094346879, 0.99559301, 0.15563442;
  0, 0, 0, 1]
Estimated_Position (SLAM Frame 46(1022)) [0.99621665, 0.0018783546, 0.086884283, -0.091083296;
  -0.0025930903, 0.9999637, 0.0081141647, -0.02158968;
  -0.086865887, -0.0083087645, 0.99618536, 0.1165511;
  0, 0, 0, 1]
Estimated_Position (SLAM Frame 47(1036)) [0.99656337, 0.00389217, 0.082742259, -0.037440993;
  -0.0045524817, 0.99995929, 0.0077931802, -0.0096623972;
  -0.082708552, -0.0081430804, 0.99654049, 0.061382394;
  0, 0, 0, 1]
Estimated_Position (SLAM Frame 48(1047)) [0.996683, 0.0065482282, 0.081117935, 0.01399622;
  -0.0071528833, 0.99994874, 0.0071656764, 0.0008135009;
  -0.081066854, -0.0077221352, 0.99667877, 0.011201238;
  0, 0, 0, 1]
Estimated_Position (SLAM Frame 49(1059)) [0.99632084, 0.0074702096, 0.085375436, 0.047963988;
  -0.0080938628, 0.99994302, 0.0069610276, 0.0079993326;
  -0.085318565, -0.0076264339, 0.99632454, -0.022274364;
  0, 0, 0, 1]
Estimated_Position (SLAM Frame 50(1070)) [0.99609071, 0.0081905536, 0.087955512, 0.073924437;
  -0.0088683898, 0.9999339, 0.0073185675, 0.012653656;
  -0.087889753, -0.0080699809, 0.99609751, -0.046848837;
  0, 0, 0, 1]
Estimated_Position (SLAM Frame 51(1084)) [0.99681294, 0.0052772304, 0.079599671, 0.048389066;
  -0.0058511323, 0.99995852, 0.0069783293, 0.0092979874;
  -0.079559542, -0.0074218372, 0.99680251, -0.020072481;
  0, 0, 0, 1]
Estimated_Position (SLAM Frame 52(1099)) [0.99677461, 0.0033952107, 0.08017993, -0.062133774;
  -0.0040257457, 0.99996221, 0.0077036563, -0.014901685;
  -0.080150746, -0.0080015929, 0.99675065, 0.086357467;
  0, 0, 0, 1]
Estimated_Position (SLAM Frame 53(1113)) [0.99609506, 7.0553513e-05, 0.08828713, -0.15896866;
  -0.00087642274, 0.99995834, 0.0090890918, -0.036422599;
  -0.088282809, -0.0091309762, 0.99605358, 0.18962862;
  0, 0, 0, 1]
Estimated_Position (SLAM Frame 54(1128)) [0.99559379, -0.0040918766, 0.093681581, -0.20465204;
  0.0032632004, 0.99995422, 0.0089971498, -0.048976332;
  -0.093714111, -0.0086518042, 0.99556154, 0.2426676;
  0, 0, 0, 1]
Estimated_Position (SLAM Frame 55(1142)) [0.99536115, -0.0061296378, 0.09601365, -0.24037915;
  0.004954942, 0.99991, 0.012468325, -0.065796711;
  -0.096081436, -0.011934743, 0.9953019, 0.31136623;
  0, 0, 0, 1]
Estimated_Position (SLAM Frame 56(1155)) [0.99544424, -0.0077302186, 0.095031336, -0.26198053;
  0.0064735003, 0.99988759, 0.013525438, -0.072792567;
  -0.095125206, -0.012848634, 0.99538237, 0.34279013;
  0, 0, 0, 1]
Estimated_Position (SLAM Frame 57(1171)) [0.99656779, -0.0093304552, 0.082253322, -0.24300623;
  0.0082271928, 0.99987173, 0.013741734, -0.070052803;
  -0.082370989, -0.013017856, 0.9965167, 0.31298584;
  0, 0, 0, 1]
Estimated_Position (SLAM Frame 58(1183)) [0.99707574, -0.0056987042, 0.076206818, -0.20202325;
  0.0048658783, 0.99992645, 0.011109713, -0.055386614;
  -0.076264523, -0.010706413, 0.99703014, 0.25080615;
  0, 0, 0, 1]
Estimated_Position (SLAM Frame 59(1197)) [0.99619234, 0.0012181556, 0.08717408, -0.12902194;
  -0.001991204, 0.99995947, 0.008781462, -0.032351743;
  -0.087159842, -0.0089216074, 0.99615437, 0.16782136;
  0, 0, 0, 1]
Estimated_Position (SLAM Frame 60(1213)) [0.99592906, 0.0080155302, 0.089783646, -0.017185535;
  -0.0085498374, 0.99994797, 0.0055680317, 0.00019414321;
  -0.089734338, -0.0063129999, 0.99594575, 0.027568024;
  0, 0, 0, 1]
Estimated_Position (SLAM Frame 61(1228)) [0.99594611, 0.013658852, 0.088909179, 0.073968247;
  -0.013914098, 0.99990064, 0.0022516963, 0.02706676;
  -0.088869594, -0.0034796593, 0.99603719, -0.076668344;
  0, 0, 0, 1]
Estimated_Position (SLAM Frame 62(1240)) [0.99598777, 0.016135715, 0.088022456, 0.095320702;
  -0.016342137, 0.99986511, 0.0016249279, 0.034008358;
  -0.087984368, -0.0030568836, 0.99611717, -0.093193226;
  0, 0, 0, 1]
Estimated_Position (SLAM Frame 63(1253)) [0.99665141, 0.0089072799, 0.081281036, 0.044933498;
  -0.0093031302, 0.99994665, 0.004492722, 0.015464957;
  -0.081236675, -0.0052338457, 0.99668109, -0.038695466;
  0, 0, 0, 1]
Estimated_Position (SLAM Frame 64(1266)) [0.99662745, 0.0033940333, 0.081989311, -0.071503207;
  -0.0040244116, 0.99996358, 0.0075245053, -0.016066151;
  -0.08196079, -0.0078290869, 0.9966048, 0.098813936;
  0, 0, 0, 1]
Estimated_Position (SLAM Frame 65(1285)) [0.99607086, -0.0044501331, 0.088447712, -0.19517542;
  0.0034483839, 0.99992824, 0.011475469, -0.0525092;
  -0.088492431, -0.011125378, 0.99601471, 0.25327468;
  0, 0, 0, 1]
Estimated_Position (SLAM Frame 66(1298)) [0.99569088, -0.0073742275, 0.092440628, -0.2611165;
  0.0061756573, 0.99989319, 0.013245196, -0.071193986;
  -0.092528433, -0.01261724, 0.99563009, 0.34289795;
  0, 0, 0, 1]
Estimated_Position (SLAM Frame 67(1310)) [0.99562174, -0.0080643957, 0.093125537, -0.26443684;
  0.0068590138, 0.9998886, 0.013256453, -0.074271351;
  -0.093222067, -0.012559664, 0.99556613, 0.34848633;
  0, 0, 0, 1]
Estimated_Position (SLAM Frame 68(1323)) [0.99594235, -0.0073245792, 0.089694746, -0.2466027;
  0.0062535936, 0.99990582, 0.01221555, -0.067387611;
  -0.089775771, -0.01160507, 0.99589437, 0.32343444;
  0, 0, 0, 1]
Estimated_Position (SLAM Frame 69(1339)) [0.99676937, -0.007073856, 0.080005221, -0.21590629;
  0.0061665038, 0.99991393, 0.011582558, -0.060400009;
  -0.080080271, -0.011051787, 0.99672717, 0.27671629;
  0, 0, 0, 1]
Estimated_Position (SLAM Frame 70(1353)) [0.99577022, -0.0010714986, 0.091872171, -0.16765;
  0.00015812828, 0.99995053, 0.0099484548, -0.043348592;
  -0.09187828, -0.0098918481, 0.9957211, 0.21396188;
  0, 0, 0, 1]
Estimated_Position (SLAM Frame 71(1366)) [0.99549228, 0.0031507842, 0.094790578, -0.11343365;
  -0.003943657, 0.99995875, 0.0081782974, -0.027114153;
  -0.094760902, -0.0085152537, 0.99546367, 0.15657124;
  0, 0, 0, 1]
Estimated_Position (SLAM Frame 72(1378)) [0.99524349, 0.008152795, 0.097076669, -0.040978637;
  -0.0087637017, 0.99994439, 0.0058683078, -0.0080174394;
  -0.097023427, -0.0066911462, 0.99525958, 0.076207802;
  0, 0, 0, 1]
Estimated_Position (SLAM Frame 73(1390)) [0.99573952, 0.006273462, 0.091997169, 0.0095340135;
  -0.006996498, 0.99994713, 0.0075389207, 0.00016457131;
  -0.091945007, -0.0081504593, 0.99573076, 0.023791628;
  0, 0, 0, 1]
Estimated_Position (SLAM Frame 74(1405)) [0.99675912, 0.0051893033, 0.080276445, 0.011332336;
  -0.0057157371, 0.99996364, 0.00632936, 0.00032902122;
  -0.080240674, -0.0067676865, 0.99675256, 0.021054337;
  0, 0, 0, 1]
Estimated_Position (SLAM Frame 75(1419)) [0.99794477, -0.00014458031, 0.064079888, -0.082528681;
  -0.00034338623, 0.99997103, 0.0076038926, -0.019379456;
  -0.064079136, -0.0076102689, 0.9979158, 0.10948087;
  0, 0, 0, 1]
Estimated_Position (SLAM Frame 76(1430)) [0.9975462, -0.0045307735, 0.069864959, -0.16536392;
  0.0038230508, 0.99994004, 0.010260256, -0.043959659;
  -0.069907255, -0.0099679818, 0.9975037, 0.19883969;
  0, 0, 0, 1]
Estimated_Position (SLAM Frame 77(1445)) [0.99666798, -0.0060871178, 0.081338122, -0.23589797;
  0.005158321, 0.99991912, 0.011624219, -0.064586945;
  -0.081402302, -0.011165919, 0.99661881, 0.30729777;
  0, 0, 0, 1]
Estimated_Position (SLAM Frame 78(1457)) [0.99565113, -0.0056194155, 0.092990547, -0.27371353;
  0.0042226845, 0.99987543, 0.015210094, -0.070068583;
  -0.093064435, -0.014751277, 0.99555081, 0.36940411;
  0, 0, 0, 1]
Estimated_Position (SLAM Frame 79(1467)) [0.99497831, -0.0066632098, 0.099868678, -0.28436187;
  0.0052576251, 0.99988347, 0.014330921, -0.07530991;
  -0.099952534, -0.013733883, 0.99489743, 0.39546248;
  0, 0, 0, 1]
Estimated_Position (SLAM Frame 80(1480)) [0.99503046, -0.0063865609, 0.099365972, -0.28490195;
  0.004925862, 0.99987626, 0.014938599, -0.076874934;
  -0.099449083, -0.014374898, 0.99493879, 0.39281613;
  0, 0, 0, 1]
Estimated_Position (SLAM Frame 81(1493)) [0.99505132, -0.0056813541, 0.099199757, -0.28427526;
  0.004280962, 0.99988824, 0.014324049, -0.075636484;
  -0.099270046, -0.013828494, 0.99496442, 0.39561099;
  0, 0, 0, 1]
Estimated_Position (SLAM Frame 82(1507)) [0.99503201, -0.0057482631, 0.099389538, -0.28533098;
  0.0043549328, 0.99988925, 0.014230162, -0.075480536;
  -0.099460326, -0.013726631, 0.99494684, 0.3962917;
  0, 0, 0, 1]
Estimated_Position (SLAM Frame 83(1522)) [0.99505186, -0.006112929, 0.099168494, -0.28475028;
  0.0046960129, 0.99988365, 0.014515104, -0.075104371;
  -0.099245682, -0.013977585, 0.99496478, 0.39561909;
  0, 0, 0, 1]
Estimated_Position (SLAM Frame 84(1538)) [0.99504972, -0.0057538687, 0.099211894, -0.28484058;
  0.0043317159, 0.99988484, 0.014543956, -0.076349907;
  -0.099284157, -0.014042201, 0.99496001, 0.39599985;
  0, 0, 0, 1]
Estimated_Position (SLAM Frame 85(1550)) [0.99507713, -0.0058785118, 0.098928913, -0.2847763;
  0.0045042764, 0.99989033, 0.014108762, -0.075387076;
  -0.099000998, -0.013593704, 0.99499446, 0.39560911;
  0, 0, 0, 1]
Estimated_Position (SLAM Frame 86(1562)) [0.99507987, -0.0057384605, 0.098909564, -0.28474596;
  0.0043454445, 0.99988842, 0.014293417, -0.075462259;
  -0.098980553, -0.013793286, 0.99499375, 0.39572489;
  0, 0, 0, 1]
Estimated_Position (SLAM Frame 87(1576)) [0.99507576, -0.0055941571, 0.098959401, -0.2837739;
  0.0042050965, 0.99988979, 0.014239689, -0.075509384;
  -0.099028148, -0.013753436, 0.99498957, 0.39487857;
  0, 0, 0, 1]
Estimated_Position (SLAM Frame 88(1594)) [0.99509478, -0.0056007626, 0.098767504, -0.28572771;
  0.0042260969, 0.99989134, 0.014121924, -0.076272465;
  -0.098835871, -0.013635251, 0.99501032, 0.4000195;
  0, 0, 0, 1]
Estimated_Position (SLAM Frame 89(1607)) [0.99509883, -0.0056403256, 0.098724388, -0.28602183;
  0.004267808, 0.99989134, 0.014108184, -0.076165818;
  -0.098793238, -0.013617701, 0.99501479, 0.40000251;
  0, 0, 0, 1]
Estimated_Position (SLAM Frame 90(1626)) [0.99509585, -0.0056810267, 0.098752029, -0.28612131;
  0.0043024076, 0.99989039, 0.01416777, -0.076082565;
  -0.098821692, -0.013673417, 0.99501121, 0.40020865;
  0, 0, 0, 1]
Estimated_Position (SLAM Frame 91(1640)) [0.99510205, -0.0053766239, 0.09870667, -0.28520104;
  0.0040204381, 0.99989486, 0.013933328, -0.075605512;
  -0.098771207, -0.013468239, 0.99501902, 0.39970919;
  0, 0, 0, 1]
Estimated_Position (SLAM Frame 92(1659)) [0.99510384, -0.0055736764, 0.098677836, -0.28580076;
  0.0042224545, 0.9998945, 0.013896821, -0.075774349;
  -0.098744884, -0.013412117, 0.99502242, 0.40016434;
  0, 0, 0, 1]
Estimated_Position (SLAM Frame 93(1674)) [0.99509746, -0.0054602833, 0.098748483, -0.28565478;
  0.0040931576, 0.99989301, 0.014041821, -0.075838529;
  -0.098814592, -0.013568787, 0.99501336, 0.39972651;
  0, 0, 0, 1]
Estimated_Position (SLAM Frame 94(1691)) [0.99509484, -0.0055678021, 0.098768488, -0.28554496;
  0.0042078667, 0.99989355, 0.013971891, -0.075757496;
  -0.098835766, -0.013487753, 0.99501234, 0.39975101;
  0, 0, 0, 1]
Estimated_Position (SLAM Frame 95(1704)) [0.99509937, -0.005407108, 0.098732091, -0.28506061;
  0.0040350677, 0.99989259, 0.014090994, -0.075683355;
  -0.098797679, -0.013623549, 0.99501431, 0.39915285;
  0, 0, 0, 1]
Estimated_Position (SLAM Frame 96(1717)) [0.99510181, -0.005394144, 0.098708093, -0.28487667;
  0.0040301098, 0.99989367, 0.014013047, -0.075653955;
  -0.098773189, -0.013546605, 0.99501777, 0.39913431;
  0, 0, 0, 1]
Estimated_Position (SLAM Frame 97(1732)) [0.99508333, -0.0055752685, 0.098884329, -0.28881231;
  0.0041935737, 0.99989074, 0.01417519, -0.076673619;
  -0.098952554, -0.013690816, 0.99499798, 0.40444639;
  0, 0, 0, 1]
