Estimated_Position (SLAM Frame 14(254)) [0.99984145, 0.0045422898, 0.017216163, 0.044622771;
  -0.0045966362, 0.99998456, 0.0031184542, 0.013109043;
  -0.017201731, -0.0031970965, 0.99984694, -0.066955291;
  0, 0, 0, 1]
Estimated_Position (SLAM Frame 15(268)) [0.99951881, 0.0090833008, 0.029659046, 0.083026633;
  -0.0090281591, 0.99995726, -0.0019925681, 0.026432263;
  -0.029675877, 0.0017238427, 0.99955809, -0.11953313;
  0, 0, 0, 1]
Estimated_Position (SLAM Frame 16(279)) [0.99904448, 0.0122527, 0.041952822, 0.10474674;
  -0.0120713, 0.99991667, -0.0045744833, 0.032676343;
  -0.042005375, 0.0040636873, 0.99910915, -0.15048452;
  0, 0, 0, 1]
Estimated_Position (SLAM Frame 17(290)) [0.99756706, 0.019027457, 0.067066625, 0.11337622;
  -0.01847928, 0.99979067, -0.0087845726, 0.037262227;
  -0.067219734, 0.0075238571, 0.99770981, -0.16550386;
  0, 0, 0, 1]
Estimated_Position (SLAM Frame 18(299)) [0.99585599, 0.021861445, 0.088277563, 0.12153286;
  -0.021036588, 0.999726, -0.01026357, 0.041372187;
  -0.088477761, 0.0083639789, 0.99604303, -0.18795499;
  0, 0, 0, 1]
Estimated_Position (SLAM Frame 19(309)) [0.99437022, 0.025021715, 0.10296474, 0.12779659;
  -0.024167756, 0.99966246, -0.0095330775, 0.042603832;
  -0.10316852, 0.0069909818, 0.99463934, -0.20476136;
  0, 0, 0, 1]
Estimated_Position (SLAM Frame 20(320)) [0.99388903, 0.028189423, 0.10672373, 0.13184452;
  -0.027028341, 0.99955887, -0.01231043, 0.044433378;
  -0.10702368, 0.009350636, 0.99421251, -0.21055391;
  0, 0, 0, 1]
Estimated_Position (SLAM Frame 21(329)) [0.9936474, 0.027081598, 0.10923091, 0.13294217;
  -0.026079554, 0.99960375, -0.010592105, 0.044695679;
  -0.10947447, 0.0076761246, 0.99395996, -0.21416368;
  0, 0, 0, 1]
Estimated_Position (SLAM Frame 22(340)) [0.99414015, 0.02447753, 0.10529134, 0.13450433;
  -0.023572136, 0.99967378, -0.0098350011, 0.045539908;
  -0.10549772, 0.0072954278, 0.99439281, -0.21168739;
  0, 0, 0, 1]
Estimated_Position (SLAM Frame 23(348)) [0.9943555, 0.024198335, 0.10330316, 0.13496859;
  -0.023299014, 0.99967951, -0.0099036107, 0.045589209;
  -0.10350969, 0.0074408487, 0.99460059, -0.21132976;
  0, 0, 0, 1]
Estimated_Position (SLAM Frame 24(359)) [0.99324435, 0.024810784, 0.11335803, 0.13448216;
  -0.023112135, 0.99960041, -0.016274733, 0.048197616;
  -0.11371652, 0.013544842, 0.9934209, -0.2154962;
  0, 0, 0, 1]
Estimated_Position (SLAM Frame 25(369)) [0.99220014, 0.02641532, 0.1218243, 0.13940987;
  -0.024564488, 0.99955928, -0.01666983, 0.053356022;
  -0.12221095, 0.013547256, 0.99241167, -0.22672057;
  0, 0, 0, 1]
Estimated_Position (SLAM Frame 26(378)) [0.99280739, 0.021945544, 0.11769398, 0.16333085;
  -0.020512313, 0.99970013, -0.013375263, 0.062368248;
  -0.11795221, 0.010864884, 0.99295986, -0.25350517;
  0, 0, 0, 1]
Estimated_Position (SLAM Frame 27(389)) [0.99102771, 0.024908144, 0.13131507, 0.18438253;
  -0.023037491, 0.9996106, -0.015745742, 0.072850309;
  -0.13165613, 0.012579298, 0.99121565, -0.28431469;
  0, 0, 0, 1]
Estimated_Position (SLAM Frame 28(398)) [0.98495448, 0.030907346, 0.17002754, 0.18738458;
  -0.027270032, 0.99934745, -0.023686964, 0.087352537;
  -0.17064869, 0.018693926, 0.98515457, -0.31236494;
  0, 0, 0, 1]
Estimated_Position (SLAM Frame 29(411)) [0.97019762, 0.043163158, 0.23843987, 0.17384386;
  -0.03328982, 0.9984194, -0.045282815, 0.10931721;
  -0.24001753, 0.035995658, 0.970101, -0.34835899;
  0, 0, 0, 1]
Estimated_Position (SLAM Frame 30(419)) [0.95036113, 0.064068154, 0.3044816, 0.15446053;
  -0.049064983, 0.99718595, -0.056681305, 0.11749587;
  -0.30725625, 0.038928322, 0.95083028, -0.38245705;
  0, 0, 0, 1]
Estimated_Position (SLAM Frame 31(428)) [0.92483407, 0.084471434, 0.37087265, 0.12354304;
  -0.061658453, 0.9954266, -0.072966494, 0.12889618;
  -0.37534007, 0.044614468, 0.92581284, -0.40589124;
  0, 0, 0, 1]
Estimated_Position (SLAM Frame 32(441)) [0.88113618, 0.10030165, 0.46210241, 0.07608863;
  -0.067855231, 0.9939509, -0.086355783, 0.14578098;
  -0.4679687, 0.044735137, 0.88261205, -0.43388164;
  0, 0, 0, 1]
Estimated_Position (SLAM Frame 33(453)) [0.81984699, 0.12627183, 0.55848575, 0.0095475977;
  -0.082028627, 0.99122077, -0.10369528, 0.15972356;
  -0.56667644, 0.039202448, 0.82300729, -0.47360703;
  0, 0, 0, 1]
Estimated_Position (SLAM Frame 34(465)) [0.79128426, 0.11468052, 0.60059768, -0.016237229;
  -0.084860317, 0.99334532, -0.077870309, 0.13992152;
  -0.6055311, 0.010650642, 0.79575038, -0.49270579;
  0, 0, 0, 1]
Estimated_Position (SLAM Frame 35(476)) [0.74082899, 0.11485928, 0.66180038, -0.067298502;
  -0.084866516, 0.99338108, -0.077406213, 0.14644997;
  -0.66631079, 0.0011800685, 0.74567318, -0.48820525;
  0, 0, 0, 1]
Estimated_Position (SLAM Frame 36(491)) [0.69155037, 0.1186117, 0.71252322, -0.11280408;
  -0.091539502, 0.99286371, -0.076434106, 0.14785159;
  -0.7165044, -0.012365984, 0.69747293, -0.47309065;
  0, 0, 0, 1]
Estimated_Position (SLAM Frame 37(503)) [0.64386797, 0.12142073, 0.75544095, -0.14754635;
  -0.079482034, 0.99260068, -0.091795869, 0.18202755;
  -0.76099712, -0.00093956367, 0.64875454, -0.44157544;
  0, 0, 0, 1]
