Estimated_Position (SLAM Frame 4(73)) [0.9993273, -0.0020077988, 0.036618661, -0.012382587;
  0.001938506, 0.99999624, 0.0019276864, 0.00090950914;
  -0.036622398, -0.0018554041, 0.99932748, -0.020216949;
  0, 0, 0, 1]
Estimated_Position (SLAM Frame 5(88)) [0.99898297, -0.00040380299, 0.045086835, 0.0179502;
  0.00030013334, 0.99999732, 0.0023060786, 0.0084672282;
  -0.045087643, -0.0022902011, 0.9989804, -0.050882321;
  0, 0, 0, 1]
Estimated_Position (SLAM Frame 6(102)) [0.99881625, -0.00081342261, 0.048636001, 0.022571974;
  0.00057460443, 0.99998772, 0.0049240966, 0.0093005132;
  -0.048639409, -0.0048903213, 0.99880445, -0.064604662;
  0, 0, 0, 1]
Estimated_Position (SLAM Frame 7(114)) [0.99838793, -0.006173837, 0.05642138, 0.045647733;
  0.0058931354, 0.99996942, 0.0051401211, 0.019453116;
  -0.056451388, -0.0047993362, 0.99839383, -0.091068894;
  0, 0, 0, 1]
Estimated_Position (SLAM Frame 8(126)) [0.99522674, 0.0081388988, 0.097249925, 0.067317598;
  -0.0092956787, 0.99989128, 0.011447768, 0.019708386;
  -0.097146183, -0.012297128, 0.99519414, -0.13150752;
  0, 0, 0, 1]
Estimated_Position (SLAM Frame 9(139)) [0.99227154, 0.019744232, 0.12250459, 0.067876533;
  -0.020760734, 0.99975979, 0.0070266416, 0.019511048;
  -0.12233642, -0.0095156217, 0.99244308, -0.14991358;
  0, 0, 0, 1]
Estimated_Position (SLAM Frame 10(157)) [0.99217343, 0.013033331, 0.12418552, 0.11022934;
  -0.014085548, 0.99987191, 0.0075986669, 0.032464113;
  -0.12407058, -0.0092884172, 0.99222994, -0.19240096;
  0, 0, 0, 1]
Estimated_Position (SLAM Frame 11(178)) [0.99391055, 0.0077210488, 0.10991893, 0.14910594;
  -0.0076650316, 0.9999702, -0.00093216531, 0.051537588;
  -0.10992285, 8.3956889e-05, 0.99394011, -0.23579849;
  0, 0, 0, 1]
Estimated_Position (SLAM Frame 12(192)) [0.99679828, -0.003243736, 0.079891421, 0.18215106;
  0.0041312389, 0.99993157, -0.010946078, 0.070241489;
  -0.07985045, 0.011241083, 0.99674344, -0.26538488;
  0, 0, 0, 1]
Estimated_Position (SLAM Frame 19(318)) [0.99631965, 0.0092134504, -0.085219197, 0.075474568;
  -0.010727563, 0.99979234, -0.017326431, 0.019235106;
  0.085041858, 0.018176857, 0.99621159, -0.012644028;
  0, 0, 0, 1]
Estimated_Position (SLAM Frame 20(330)) [0.99536592, 0.013078039, -0.095265999, 0.080606557;
  -0.0156092, 0.99954337, -0.025872819, 0.025321249;
  0.094884135, 0.02723995, 0.99511558, -0.0095627233;
  0, 0, 0, 1]
Estimated_Position (SLAM Frame 21(345)) [0.99840719, -0.038529661, -0.041214079, 0.044583388;
  0.039267767, 0.99907976, 0.017251769, 0.0055714813;
  0.040511448, -0.018842675, 0.99900138, -0.049447607;
  0, 0, 0, 1]
Estimated_Position (SLAM Frame 22(364)) [0.99930865, -0.027813239, -0.024670303, 0.08586508;
  0.027444126, 0.99950814, -0.015176362, 0.060668968;
  0.025080271, 0.014488815, 0.99958044, -0.12244727;
  0, 0, 0, 1]
Estimated_Position (SLAM Frame 23(380)) [0.99964601, -0.0052290424, 0.026087115, 0.12169139;
  0.0057021761, 0.99981999, -0.01809538, 0.071470819;
  -0.025987798, 0.018237727, 0.99949586, -0.18986484;
  0, 0, 0, 1]
Estimated_Position (SLAM Frame 24(397)) [0.9993934, -0.024492066, 0.024757421, 0.098665357;
  0.024769885, 0.99963289, -0.010977921, 0.069912411;
  -0.02447946, 0.0115845, 0.99963319, -0.20055294;
  0, 0, 0, 1]
Estimated_Position (SLAM Frame 25(414)) [0.99940938, -0.021648016, 0.026687777, 0.11143233;
  0.021991199, 0.99967831, -0.012633427, 0.076181099;
  -0.026405703, 0.013212861, 0.99956399, -0.21320024;
  0, 0, 0, 1]
Estimated_Position (SLAM Frame 26(424)) [0.99868399, -0.022215992, 0.046224914, 0.099874362;
  0.022600943, 0.99971396, -0.0078218002, 0.071286164;
  -0.046037924, 0.0088562332, 0.99890041, -0.2228229;
  0, 0, 0, 1]
Estimated_Position (SLAM Frame 27(442)) [0.99831051, -0.023082579, 0.053322993, 0.099091552;
  0.023501862, 0.99969751, -0.0072494037, 0.072533689;
  -0.05313953, 0.0084903454, 0.99855101, -0.22894081;
  0, 0, 0, 1]
Estimated_Position (SLAM Frame 28(456)) [0.99822098, -0.022526145, 0.055203214, 0.099459849;
  0.02292289, 0.99971569, -0.0065643052, 0.0722363;
  -0.055039648, 0.0078180451, 0.99845356, -0.23076589;
  0, 0, 0, 1]
Estimated_Position (SLAM Frame 29(475)) [0.99789786, -0.022520473, 0.060767122, 0.098480783;
  0.022945749, 0.99971682, -0.006309628, 0.072538301;
  -0.060607817, 0.0076907114, 0.99813205, -0.23544106;
  0, 0, 0, 1]
Estimated_Position (SLAM Frame 30(493)) [0.99784654, -0.023206919, 0.06134896, 0.098640211;
  0.023528775, 0.99971288, -0.0045290175, 0.071382582;
  -0.061226241, 0.0059627304, 0.99810612, -0.23550387;
  0, 0, 0, 1]
Estimated_Position (SLAM Frame 31(514)) [0.99779165, -0.023926586, 0.061962917, 0.098261751;
  0.02417084, 0.99970275, -0.0031952492, 0.071145102;
  -0.061868049, 0.0046858885, 0.99807334, -0.23612817;
  0, 0, 0, 1]
Estimated_Position (SLAM Frame 32(530)) [0.99441171, -0.02416883, 0.1027677, 0.090566874;
  0.023812512, 0.99970543, 0.0046928208, 0.072433263;
  -0.10285085, -0.0022194388, 0.99469429, -0.27004156;
  0, 0, 0, 1]
Estimated_Position (SLAM Frame 33(544)) [0.98308891, -0.029340494, 0.18076317, 0.051270336;
  0.02677045, 0.99950308, 0.016641559, 0.070523232;
  -0.18116163, -0.011521021, 0.98338586, -0.31839806;
  0, 0, 0, 1]
Estimated_Position (SLAM Frame 34(559)) [0.99492896, -0.032024473, 0.095346004, 0.094793037;
  0.030872123, 0.99943167, 0.013537046, 0.074437372;
  -0.095725335, -0.010524865, 0.99535215, -0.30007505;
  0, 0, 0, 1]
Estimated_Position (SLAM Frame 35(573)) [0.99422824, -0.030449331, -0.10287416, 0.10467521;
  0.028740404, 0.99942386, -0.018053778, 0.057554148;
  0.10336462, 0.01499293, 0.9945305, -0.088444017;
  0, 0, 0, 1]
Estimated_Position (SLAM Frame 36(590)) [0.97239745, -0.050237045, -0.22785836, 0.10900097;
  0.046148352, 0.9986642, -0.02323986, 0.055468362;
  0.2287215, 0.012083092, 0.97341692, -0.045840759;
  0, 0, 0, 1]
Estimated_Position (SLAM Frame 37(606)) [0.93743396, -0.11260917, -0.32944924, 0.10931832;
  0.1171276, 0.99309772, -0.0061694616, 0.056154292;
  0.32787001, -0.032804135, 0.94415313, -0.026828166;
  0, 0, 0, 1]
Estimated_Position (SLAM Frame 38(621)) [0.90110618, -0.14248838, -0.40951759, 0.10132981;
  0.1543002, 0.98801488, -0.004248369, 0.054109786;
  0.40521482, -0.059360411, 0.9122923, 0.0031157001;
  0, 0, 0, 1]
Estimated_Position (SLAM Frame 39(635)) [0.88269371, -0.15028751, -0.44527018, 0.099400662;
  0.1659122, 0.98613268, -0.0039387015, 0.054068375;
  0.4396874, -0.070399083, 0.89538759, 0.0081211198;
  0, 0, 0, 1]
Estimated_Position (SLAM Frame 40(647)) [0.85949272, -0.15665022, -0.48655212, 0.096785046;
  0.17624091, 0.98433119, -0.0055860542, 0.054256622;
  0.4798035, -0.080949217, 0.87363368, 0.013410538;
  0, 0, 0, 1]
Estimated_Position (SLAM Frame 41(663)) [0.83874971, -0.15874654, -0.52086318, 0.094704755;
  0.18305452, 0.98309082, -0.0048483517, 0.05328013;
  0.51282543, -0.091279797, 0.85362643, 0.016622474;
  0, 0, 0, 1]
Estimated_Position (SLAM Frame 42(683)) [0.81952846, -0.15088482, -0.55281723, 0.099992648;
  0.17571127, 0.9844076, -0.0081976037, 0.05446453;
  0.54543442, -0.090418056, 0.83326221, 0.010499149;
  0, 0, 0, 1]
Estimated_Position (SLAM Frame 43(699)) [0.81564838, -0.14086723, -0.56113648, 0.093946658;
  0.15646909, 0.98747098, -0.020455899, 0.053290166;
  0.55698758, -0.071115702, 0.82747048, 0.021751229;
  0, 0, 0, 1]
Estimated_Position (SLAM Frame 44(717)) [0.81136352, -0.1235631, -0.57133299, 0.092873469;
  0.1273699, 0.99128914, -0.033506699, 0.05331599;
  0.57049644, -0.045584515, 0.82003409, 0.024440171;
  0, 0, 0, 1]
Estimated_Position (SLAM Frame 45(732)) [0.80056757, -0.10343136, -0.5902487, 0.10055051;
  0.097852372, 0.9943344, -0.041521352, 0.0531771;
  0.59119922, -0.02451659, 0.80615288, 0.020727947;
  0, 0, 0, 1]
Estimated_Position (SLAM Frame 46(745)) [0.79527134, -0.085857429, -0.60014331, 0.10859273;
  0.065262757, 0.99629277, -0.056049172, 0.0546881;
  0.60273069, 0.0054072919, 0.79792637, 0.016813921;
  0, 0, 0, 1]
Estimated_Position (SLAM Frame 47(759)) [0.78417856, -0.085447721, -0.61462402, 0.10726973;
  0.060070232, 0.99627519, -0.061864909, 0.054977398;
  0.61762089, 0.011592528, 0.78639054, 0.022193482;
  0, 0, 0, 1]
Estimated_Position (SLAM Frame 48(782)) [0.76799732, -0.089594409, -0.63415533, 0.10233022;
  0.073335372, 0.99595612, -0.051896963, 0.052301563;
  0.63624054, -0.0066492879, 0.77146208, 0.029315233;
  0, 0, 0, 1]
Estimated_Position (SLAM Frame 49(800)) [0.77121466, -0.10222711, -0.62831324, 0.10049227;
  0.091365367, 0.99457777, -0.049673472, 0.053896811;
  0.62998438, -0.019097162, 0.77637297, 0.025007902;
  0, 0, 0, 1]
Estimated_Position (SLAM Frame 50(813)) [0.76934636, -0.10679046, -0.62984282, 0.1001685;
  0.097621866, 0.99400222, -0.049289964, 0.054374151;
  0.63132888, -0.023565374, 0.77515709, 0.025048252;
  0, 0, 0, 1]
Estimated_Position (SLAM Frame 51(826)) [0.77022809, -0.10912409, -0.62836349, 0.099787414;
  0.10032502, 0.99371773, -0.049597725, 0.054400269;
  0.62982827, -0.024839016, 0.77633715, 0.024970748;
  0, 0, 0, 1]
Estimated_Position (SLAM Frame 52(846)) [0.77109969, -0.11011566, -0.62712026, 0.099821277;
  0.10156719, 0.9935925, -0.04957848, 0.054577805;
  0.62856138, -0.025464891, 0.77734298, 0.025025714;
  0, 0, 0, 1]
Estimated_Position (SLAM Frame 53(866)) [0.77101165, -0.10995241, -0.62725717, 0.099878311;
  0.10146169, 0.99360937, -0.049455952, 0.054564271;
  0.62868643, -0.025511451, 0.77724034, 0.025025746;
  0, 0, 0, 1]
Estimated_Position (SLAM Frame 54(885)) [0.77094185, -0.11048893, -0.62724864, 0.099802464;
  0.10216116, 0.99353826, -0.04944557, 0.054647483;
  0.62865871, -0.025960792, 0.77724791, 0.025014266;
  0, 0, 0, 1]
Estimated_Position (SLAM Frame 55(902)) [0.76846564, -0.11077668, -0.63022935, 0.099403955;
  0.10334452, 0.99345708, -0.04860954, 0.054544821;
  0.63149065, -0.027775992, 0.77488583, 0.025943333;
  0, 0, 0, 1]
Estimated_Position (SLAM Frame 56(927)) [0.76812464, -0.11063775, -0.6306693, 0.099392705;
  0.1032436, 0.99347109, -0.048538044, 0.054531012;
  0.63192189, -0.027829297, 0.77453232, 0.026006183;
  0, 0, 0, 1]
Estimated_Position (SLAM Frame 57(942)) [0.76796317, -0.11028723, -0.63092732, 0.09939725;
  0.1030848, 0.99350446, -0.04819179, 0.054500815;
  0.63214403, -0.028029498, 0.77434379, 0.026040064;
  0, 0, 0, 1]
Estimated_Position (SLAM Frame 58(964)) [0.76793873, -0.11024206, -0.63096493, 0.098884039;
  0.1043156, 0.99345124, -0.046614513, 0.05416682;
  0.63197178, -0.030022401, 0.77440965, 0.026708586;
  0, 0, 0, 1]
Estimated_Position (SLAM Frame 59(983)) [0.7682119, -0.11028994, -0.630624, 0.098905273;
  0.10468936, 0.99343073, -0.046211068, 0.054180741;
  0.63157785, -0.030519726, 0.77471155, 0.026633734;
  0, 0, 0, 1]
Estimated_Position (SLAM Frame 60(1001)) [0.7686637, -0.11025035, -0.6300801, 0.098925434;
  0.10481144, 0.99342936, -0.045964286, 0.054183584;
  0.63100767, -0.030708525, 0.7751686, 0.026543366;
  0, 0, 0, 1]
Estimated_Position (SLAM Frame 61(1022)) [0.76985687, -0.1107128, -0.6285404, 0.099173449;
  0.10573005, 0.99335474, -0.045470554, 0.054109447;
  0.62939775, -0.031449787, 0.77644664, 0.026569963;
  0, 0, 0, 1]
Estimated_Position (SLAM Frame 62(1039)) [0.76990181, -0.11150455, -0.62834537, 0.099142909;
  0.10616982, 0.99327528, -0.046175845, 0.054183703;
  0.62926877, -0.031160446, 0.77656287, 0.02654746;
  0, 0, 0, 1]
Estimated_Position (SLAM Frame 63(1057)) [0.77084523, -0.11144949, -0.62719744, 0.099179439;
  0.10624173, 0.99327916, -0.04592577, 0.054181587;
  0.62810057, -0.031232884, 0.7775051, 0.026389273;
  0, 0, 0, 1]
Estimated_Position (SLAM Frame 64(1072)) [0.77140069, -0.11167623, -0.62647372, 0.099178948;
  0.10656422, 0.99324852, -0.045841556, 0.054204345;
  0.62736356, -0.031397477, 0.77809328, 0.026297212;
  0, 0, 0, 1]
Estimated_Position (SLAM Frame 65(1091)) [0.77130759, -0.11159813, -0.62660229, 0.099201754;
  0.10664816, 0.99324965, -0.045621064, 0.054108489;
  0.62746376, -0.031638112, 0.77800274, 0.026654473;
  0, 0, 0, 1]
Estimated_Position (SLAM Frame 66(1113)) [0.77178752, -0.11159787, -0.62601113, 0.099224478;
  0.10645945, 0.99326092, -0.045816626, 0.054098871;
  0.62690538, -0.031284101, 0.77846706, 0.026602296;
  0, 0, 0, 1]
Estimated_Position (SLAM Frame 67(1132)) [0.77246869, -0.11168002, -0.62515575, 0.099244818;
  0.10657741, 0.9932515, -0.045746416, 0.054104239;
  0.62604582, -0.031289808, 0.77915823, 0.02648757;
  0, 0, 0, 1]
Estimated_Position (SLAM Frame 68(1149)) [0.77239394, -0.11319027, -0.62497646, 0.099204786;
  0.10846522, 0.99304456, -0.045801893, 0.054266453;
  0.62581384, -0.032411106, 0.77929878, 0.026558021;
  0, 0, 0, 1]
Estimated_Position (SLAM Frame 69(1165)) [0.77250922, -0.11313687, -0.6248436, 0.099210292;
  0.10849881, 0.99304718, -0.045665681, 0.054253772;
  0.62566566, -0.032517627, 0.77941334, 0.026538832;
  0, 0, 0, 1]
Estimated_Position (SLAM Frame 70(1182)) [0.77265435, -0.11305676, -0.62467867, 0.099217817;
  0.10836135, 0.99306071, -0.045697678, 0.054240115;
  0.62551028, -0.032382518, 0.77954364, 0.026517157;
  0, 0, 0, 1]
Estimated_Position (SLAM Frame 71(1199)) [0.77293944, -0.11301824, -0.62433285, 0.099247158;
  0.10832874, 0.99306625, -0.045653623, 0.054237023;
  0.62516361, -0.032345701, 0.77982318, 0.026461795;
  0, 0, 0, 1]
Estimated_Position (SLAM Frame 72(1221)) [0.77283108, -0.11363938, -0.62435418, 0.099153325;
  0.10935184, 0.99296695, -0.045374297, 0.054265156;
  0.62511939, -0.033207614, 0.77982241, 0.026465978;
  0, 0, 0, 1]
Estimated_Position (SLAM Frame 73(1242)) [0.7729041, -0.11372902, -0.62424755, 0.09915375;
  0.10947572, 0.99295413, -0.045356162, 0.054274738;
  0.62500745, -0.033283982, 0.77990884, 0.026443496;
  0, 0, 0, 1]
Estimated_Position (SLAM Frame 74(1260)) [0.77307266, -0.11359311, -0.62406355, 0.099169657;
  0.10932358, 0.99297273, -0.045315564, 0.05425524;
  0.6248256, -0.033192638, 0.78005844, 0.026421906;
  0, 0, 0, 1]
