Estimated_Position (SLAM Frame 11(2589)) [0.99993294, -0.0059384238, -0.0099394061, 0.072574198;
  0.0060039959, 0.9999603, 0.0065803844, 0.032033212;
  0.0098999348, -0.0066396194, 0.99992895, -0.1042674;
  0, 0, 0, 1]
Estimated_Position (SLAM Frame 12(2608)) [0.99999285, -0.0037308128, -0.00064393878, 0.10433847;
  0.0037313246, 0.99999273, 0.00079569401, 0.037285224;
  0.00064096553, -0.00079809106, 0.99999946, -0.072378322;
  0, 0, 0, 1]
Estimated_Position (SLAM Frame 87(4003)) [0.99925077, -0.0020600334, -0.03864764, 0.029973052;
  0.002027059, 0.99999756, -0.00089237024, 0.01255498;
  0.038649384, 0.00081336062, 0.9992525, -0.062532395;
  0, 0, 0, 1]
Estimated_Position (SLAM Frame 148(5015)) [0.99985296, -0.0074710441, 0.015433748, -0.050965354;
  0.0073674009, 0.99994999, 0.00676134, -0.031220522;
  -0.015483491, -0.0066466392, 0.99985802, 0.11972426;
  0, 0, 0, 1]
Estimated_Position (SLAM Frame 149(5032)) [0.99876642, 0.00054184493, 0.049652644, 0.0098063312;
  -0.0010298188, 0.99995142, 0.0098026972, -0.031305987;
  -0.049644917, -0.0098417373, 0.99871844, 0.17521381;
  0, 0, 0, 1]
Estimated_Position (SLAM Frame 150(5054)) [0.999731, 0.022976307, 0.0031629985, 0.040796526;
  -0.022959894, 0.9997232, -0.0051307911, -0.037747737;
  -0.0032800096, 0.0050567887, 0.99998182, 0.19127105;
  0, 0, 0, 1]
Estimated_Position (SLAM Frame 151(5069)) [0.99951142, 0.028257959, -0.013356999, 0.034991283;
  -0.028407682, 0.99953419, -0.01115574, -0.038805712;
  0.013035538, 0.011529731, 0.99984854, 0.20181547;
  0, 0, 0, 1]
Estimated_Position (SLAM Frame 152(5086)) [0.99880928, 0.035111479, -0.033869639, 0.039853442;
  -0.035451122, 0.99932647, -0.0094799083, -0.045998447;
  0.033513971, 0.010669338, 0.9993813, 0.2099029;
  0, 0, 0, 1]
Estimated_Position (SLAM Frame 153(5104)) [0.99873376, 0.039842051, -0.030716959, 0.040257014;
  -0.040208228, 0.99912632, -0.011396705, -0.046756808;
  0.030236054, 0.012617349, 0.99946314, 0.20929252;
  0, 0, 0, 1]
Estimated_Position (SLAM Frame 154(5122)) [0.99921083, 0.03424174, -0.020128883, 0.043253839;
  -0.034452226, 0.99935424, -0.010204711, -0.041549716;
  0.019766459, 0.010890143, 0.99974531, 0.20057905;
  0, 0, 0, 1]
Estimated_Position (SLAM Frame 155(5137)) [0.99970722, 0.024193352, 0.00040850005, 0.042733964;
  -0.024190336, 0.99968791, -0.0062377495, -0.036080778;
  -0.00055928464, 0.0062260414, 0.99998045, 0.18393973;
  0, 0, 0, 1]
Estimated_Position (SLAM Frame 156(5154)) [0.9998982, -0.013397264, 0.0049142288, -0.011255557;
  0.013471793, 0.99978971, -0.01546002, -0.023662409;
  -0.0047060731, 0.015524649, 0.99986839, 0.22534136;
  0, 0, 0, 1]
Estimated_Position (SLAM Frame 157(5171)) [0.99955505, -0.011888299, -0.027357357, -0.057932276;
  0.011265753, 0.99967659, -0.022798767, -0.024076691;
  0.027619546, 0.022480421, 0.99936569, 0.22640638;
  0, 0, 0, 1]
Estimated_Position (SLAM Frame 158(5189)) [0.99857694, 0.040416643, -0.034794126, -0.08109118;
  -0.040779222, 0.99912035, -0.0097745704, -0.056335963;
  0.034368463, 0.011179538, 0.99934667, 0.15293781;
  0, 0, 0, 1]
Estimated_Position (SLAM Frame 159(5203)) [0.99888694, 0.039296318, -0.026090039, -0.10902524;
  -0.03948196, 0.99919826, -0.0066385893, -0.062387083;
  0.025808249, 0.0076612858, 0.99963754, 0.14464647;
  0, 0, 0, 1]
Estimated_Position (SLAM Frame 160(5224)) [0.99866629, -0.039154623, -0.033654079, -0.22255535;
  0.03773341, 0.99841005, -0.041875567, -0.019659314;
  0.035240192, 0.040549833, 0.9985559, 0.24197614;
  0, 0, 0, 1]
Estimated_Position (SLAM Frame 161(5251)) [0.99873215, -0.049922772, -0.0064646536, -0.2089292;
  0.049667034, 0.99815154, -0.035024829, -0.018847534;
  0.0082012406, 0.034659345, 0.99936551, 0.25884277;
  0, 0, 0, 1]
Estimated_Position (SLAM Frame 162(5279)) [0.99545556, -0.066742785, -0.067923918, -0.356484;
  0.063149311, 0.99655586, -0.053745247, -0.022224056;
  0.071277082, 0.049211659, 0.99624181, 0.20329167;
  0, 0, 0, 1]
Estimated_Position (SLAM Frame 163(5296)) [0.99406618, -0.057846624, -0.092120402, -0.37644321;
  0.052993659, 0.99711829, -0.054284658, -0.026183022;
  0.094995119, 0.049080744, 0.99426705, 0.18939173;
  0, 0, 0, 1]
Estimated_Position (SLAM Frame 164(5315)) [0.99961525, 0.016651757, -0.022182418, -0.45382741;
  -0.017604837, 0.99889886, -0.043486774, -0.055598401;
  0.021433862, 0.043860558, 0.99880773, 0.13781255;
  0, 0, 0, 1]
Estimated_Position (SLAM Frame 165(5331)) [0.99963963, -0.0033960114, -0.026628967, -0.44736329;
  0.0020679017, 0.99875987, -0.04974445, -0.041686766;
  0.026764877, 0.049671456, 0.99840695, 0.12532309;
  0, 0, 0, 1]
Estimated_Position (SLAM Frame 166(5347)) [0.99935615, -0.011690618, -0.033920236, -0.3623344;
  0.0097861364, 0.9983952, -0.055778552, -0.0063907974;
  0.034517888, 0.055410691, 0.99786681, 0.081355482;
  0, 0, 0, 1]
Estimated_Position (SLAM Frame 167(5363)) [0.99925399, -0.0059751719, -0.038155187, -0.35627985;
  0.0042507937, 0.99897271, -0.045116048, -0.047356419;
  0.038385566, 0.044920199, 0.99825281, 0.16888945;
  0, 0, 0, 1]
Estimated_Position (SLAM Frame 168(5377)) [0.99705887, -0.025636502, -0.07222452, -0.31440687;
  0.020588476, 0.99734914, -0.069791004, -0.0064591416;
  0.07382226, 0.068098746, 0.99494362, 0.25545833;
  0, 0, 0, 1]
Estimated_Position (SLAM Frame 169(5398)) [0.99776089, -0.021893024, -0.063196853, -0.25731921;
  0.017741721, 0.99769366, -0.065518074, 0.0047066729;
  0.06448549, 0.064250156, 0.99584818, 0.2059311;
  0, 0, 0, 1]
Estimated_Position (SLAM Frame 170(5414)) [0.99761921, -0.015653742, -0.067163423, -0.24819203;
  0.011319887, 0.99785811, -0.064429082, 0.0066740592;
  0.068028122, 0.06351541, 0.99565959, 0.17851728;
  0, 0, 0, 1]
Estimated_Position (SLAM Frame 171(5430)) [0.9988336, -0.0053609149, -0.047986187, -0.20240682;
  0.0023759222, 0.99807036, -0.062047429, 0.025627488;
  0.048226222, 0.061861046, 0.99691898, 0.11286504;
  0, 0, 0, 1]
Estimated_Position (SLAM Frame 172(5448)) [0.99983913, -0.0082640965, -0.015920214, -0.18438442;
  0.0073039914, 0.99820459, -0.059449166, 0.040409464;
  0.016382925, 0.059323322, 0.99810439, 0.0871149;
  0, 0, 0, 1]
Estimated_Position (SLAM Frame 173(5467)) [0.99909377, 0.020494647, 0.037304353, -0.165976;
  -0.018712951, 0.99869597, -0.047499273, 0.038849991;
  -0.038229186, 0.046758153, 0.99817443, 0.066285275;
  0, 0, 0, 1]
Estimated_Position (SLAM Frame 174(5484)) [0.99968433, 0.0038750796, -0.024824198, -0.18500219;
  -0.0052630305, 0.99841172, -0.056092206, 0.029956503;
  0.024567408, 0.05620515, 0.99811691, 0.096505903;
  0, 0, 0, 1]
Estimated_Position (SLAM Frame 175(5513)) [0.99918038, -0.0088728983, -0.039495356, -0.2110837;
  0.0066285315, 0.998375, -0.056598585, 0.01537212;
  0.039933372, 0.056290399, 0.99761552, 0.15440133;
  0, 0, 0, 1]
Estimated_Position (SLAM Frame 176(5537)) [0.99368763, -0.015333447, -0.11112959, -0.29366499;
  0.0072788582, 0.99733996, -0.072525673, -0.0082788197;
  0.11194605, 0.07125897, 0.99115604, 0.2542147;
  0, 0, 0, 1]
Estimated_Position (SLAM Frame 177(5551)) [0.98281378, -0.018958531, -0.18362376, -0.36184523;
  0.0034107335, 0.99640745, -0.084620342, -0.023491075;
  0.18456835, 0.082539745, 0.97934759, 0.29600042;
  0, 0, 0, 1]
Estimated_Position (SLAM Frame 178(5572)) [0.97186959, -0.014915679, -0.2350468, -0.42461684;
  -0.0082066739, 0.99524182, -0.097089283, -0.041878641;
  0.23537657, 0.096287072, 0.96712291, 0.33060217;
  0, 0, 0, 1]
Estimated_Position (SLAM Frame 179(5590)) [0.970025, -0.041231543, -0.23948164, -0.50953788;
  0.018741691, 0.99525875, -0.09544006, -0.060295299;
  0.24228133, 0.088090956, 0.96619862, 0.37172842;
  0, 0, 0, 1]
Estimated_Position (SLAM Frame 180(5604)) [0.96410769, -0.056277715, -0.25947866, -0.5893597;
  0.029650403, 0.99398613, -0.10541555, -0.071816914;
  0.26385075, 0.093938299, 0.95997834, 0.44944471;
  0, 0, 0, 1]
Estimated_Position (SLAM Frame 181(5620)) [0.9574371, -0.059992943, -0.28233853, -0.64833874;
  0.029504444, 0.99337935, -0.11102665, -0.084425613;
  0.28713009, 0.097970799, 0.95286834, 0.48857644;
  0, 0, 0, 1]
Estimated_Position (SLAM Frame 182(5636)) [0.94499105, -0.063826233, -0.32080859, -0.71675885;
  0.0273175, 0.99275094, -0.11704413, -0.095712848;
  0.32595351, 0.10184196, 0.93988431, 0.51001078;
  0, 0, 0, 1]
Estimated_Position (SLAM Frame 183(5648)) [0.94050276, -0.055414274, -0.335237, -0.7506988;
  0.017309319, 0.99314451, -0.11560454, -0.10612804;
  0.33934492, 0.10292366, 0.93501431, 0.5139119;
  0, 0, 0, 1]
Estimated_Position (SLAM Frame 184(5662)) [0.93145645, -0.057282671, -0.35931543, -0.77305824;
  0.014400094, 0.99255949, -0.12090603, -0.1051623;
  0.36356774, 0.10744452, 0.92535084, 0.49084666;
  0, 0, 0, 1]
Estimated_Position (SLAM Frame 185(5677)) [0.93915081, 0.0075826789, -0.34342149, -0.74497163;
  -0.053044677, 0.9909656, -0.12318034, -0.094861679;
  0.33938485, 0.1339016, 0.93106836, 0.41898474;
  0, 0, 0, 1]
Estimated_Position (SLAM Frame 186(5693)) [0.9418205, 0.0083270166, -0.33601311, -0.72264111;
  -0.051721323, 0.99137682, -0.12040301, -0.087761998;
  0.33211303, 0.13077706, 0.93412971, 0.37447622;
  0, 0, 0, 1]
Estimated_Position (SLAM Frame 187(5707)) [0.94566351, 0.002205346, -0.32513943, -0.68791044;
  -0.043036897, 0.9920277, -0.11844352, -0.070028402;
  0.32228613, 0.1260007, 0.93821931, 0.32892293;
  0, 0, 0, 1]
Estimated_Position (SLAM Frame 188(5724)) [0.96655101, -0.0092569375, -0.25630727, -0.67649871;
  -0.019225975, 0.99392152, -0.10839941, -0.055171352;
  0.25575274, 0.10970131, 0.96049786, 0.26267502;
  0, 0, 0, 1]
Estimated_Position (SLAM Frame 189(5742)) [0.98408854, 0.0070577455, -0.17753845, -0.58396417;
  -0.021734921, 0.99648827, -0.080862068, -0.077371001;
  0.17634428, 0.083434224, 0.98078614, 0.25994581;
  0, 0, 0, 1]
Estimated_Position (SLAM Frame 190(5763)) [0.96129382, -0.023948049, -0.27448255, -0.53224534;
  -0.0064539504, 0.993985, -0.10932624, 0.0092539126;
  0.27544966, 0.10686614, 0.95535707, 0.042963151;
  0, 0, 0, 1]
Estimated_Position (SLAM Frame 191(5778)) [0.92847621, -0.010888012, -0.3712323, -0.43483359;
  -0.036710937, 0.99198431, -0.12091073, 0.067369886;
  0.36957309, 0.12589103, 0.92063409, -0.15581122;
  0, 0, 0, 1]
Estimated_Position (SLAM Frame 192(5800)) [0.92870766, -0.0030082548, -0.37080058, -0.55980015;
  -0.037845168, 0.99397653, -0.10285106, 0.0061497707;
  0.36887649, 0.10955158, 0.9229998, -0.14006571;
  0, 0, 0, 1]
Estimated_Position (SLAM Frame 193(5821)) [0.92679107, 0.0014731486, -0.37557438, -0.27999687;
  -0.049489085, 0.99175197, -0.11823236, 0.14215891;
  0.37230244, 0.12816353, 0.91921979, -0.42227378;
  0, 0, 0, 1]
Estimated_Position (SLAM Frame 194(5844)) [0.90161169, 0.029126955, -0.43156451, -0.31506997;
  -0.084869094, 0.99024898, -0.11047255, 0.099897511;
  0.42413861, 0.13622984, 0.89529204, -0.39506233;
  0, 0, 0, 1]
Estimated_Position (SLAM Frame 195(5859)) [0.89405107, 0.045296542, -0.44566908, -0.32637063;
  -0.10753822, 0.98748481, -0.11536591, 0.10033947;
  0.43486577, 0.15106948, 0.88773292, -0.40788639;
  0, 0, 0, 1]
Estimated_Position (SLAM Frame 196(5875)) [0.87886602, 0.045945827, -0.47485107, -0.16000429;
  -0.11813053, 0.98531312, -0.12330157, 0.18138325;
  0.46221179, 0.16445996, 0.87138581, -0.55476224;
  0, 0, 0, 1]
Estimated_Position (SLAM Frame 202(5979)) [0.99998152, -0.0050176606, 0.0034320962, -0.00021324516;
  0.0050148787, 0.99998707, 0.0008186085, -0.0024026558;
  -0.0034361593, -0.00080138183, 0.9999938, 0.057055462;
  0, 0, 0, 1]
Estimated_Position (SLAM Frame 203(5998)) [0.99426621, -0.030983238, 0.10234627, 0.0094871726;
  0.030048538, 0.99949157, 0.010662232, 0.0022634999;
  -0.10262459, -0.0075257411, 0.99469167, 0.091135614;
  0, 0, 0, 1]
Estimated_Position (SLAM Frame 204(6022)) [0.99531692, -0.033289284, 0.090752564, -0.060824808;
  0.034038432, 0.99939793, -0.0067192446, -0.013468934;
  -0.090474248, 0.009776853, 0.9958508, 0.19388585;
  0, 0, 0, 1]
Estimated_Position (SLAM Frame 205(6042)) [0.99971354, -0.018960388, 0.01460577, -0.17416015;
  0.019326214, 0.99949241, -0.025326559, -0.048872415;
  -0.014118155, 0.025601579, 0.99957252, 0.30425227;
  0, 0, 0, 1]
Estimated_Position (SLAM Frame 206(6059)) [0.99992317, -0.010291446, 0.0069095539, -0.25995791;
  0.010465437, 0.99961656, -0.025635881, -0.079499856;
  -0.0066430741, 0.025706222, 0.99964744, 0.39184466;
  0, 0, 0, 1]
Estimated_Position (SLAM Frame 207(6076)) [0.99649251, -0.031706296, 0.077443063, -0.23543301;
  0.032895241, 0.99935901, -0.014125052, -0.086659998;
  -0.076945573, 0.016623016, 0.99689668, 0.4916375;
  0, 0, 0, 1]
Estimated_Position (SLAM Frame 208(6103)) [0.98876226, -0.066576548, 0.13385363, -0.28059804;
  0.068310976, 0.99762869, -0.0084020142, -0.11138547;
  -0.13297684, 0.017451268, 0.99096549, 0.68484974;
  0, 0, 0, 1]
Estimated_Position (SLAM Frame 209(6119)) [0.99478966, -0.047743935, 0.090077817, -0.39098054;
  0.049730029, 0.99856377, -0.019933376, -0.15119484;
  -0.088996746, 0.024309091, 0.99573523, 0.77004814;
  0, 0, 0, 1]
Estimated_Position (SLAM Frame 210(6143)) [0.99627489, -0.042718969, 0.074909754, -0.44349474;
  0.044668231, 0.99870038, -0.024541344, -0.18412213;
  -0.073764019, 0.02779601, 0.99688828, 0.87729138;
  0, 0, 0, 1]
Estimated_Position (SLAM Frame 211(6164)) [0.99967378, -0.025409261, -0.0025987467, -0.61472422;
  0.025304878, 0.99908715, -0.034417361, -0.22433335;
  0.0034708942, 0.03434037, 0.99940419, 0.9396531;
  0, 0, 0, 1]
Estimated_Position (SLAM Frame 212(6179)) [0.99870056, -0.016926872, -0.048069119, -0.73559731;
  0.014897919, 0.99899566, -0.042258132, -0.24088545;
  0.04873614, 0.04148709, 0.99794972, 0.87295467;
  0, 0, 0, 1]
Estimated_Position (SLAM Frame 213(6198)) [0.99566746, 0.032448757, -0.087140098, -0.71009773;
  -0.035589635, 0.99876267, -0.034735277, -0.24721499;
  0.085905164, 0.037686072, 0.99559033, 0.70272446;
  0, 0, 0, 1]
Estimated_Position (SLAM Frame 529(11981)) [0.99601036, 0.018715853, -0.087252848, 0.02776893;
  -0.020165335, 0.99967241, -0.015760647, 0.0021830776;
  0.086929291, 0.017457251, 0.9960615, 0.031952128;
  0, 0, 0, 1]
Estimated_Position (SLAM Frame 530(12004)) [0.98463881, -0.016962662, 0.17377768, -0.064226672;
  0.014628729, 0.99978489, 0.014702684, 0.012912848;
  -0.17398971, -0.011934687, 0.98467517, -0.044491738;
  0, 0, 0, 1]
Estimated_Position (SLAM Frame 531(12020)) [0.96186805, -0.036638226, 0.27104881, -0.1042992;
  0.028739829, 0.99904031, 0.03305361, 0.014407946;
  -0.27199972, -0.024003316, 0.96199793, -0.074591205;
  0, 0, 0, 1]
Estimated_Position (SLAM Frame 532(12043)) [0.94830143, -0.048451323, 0.31365082, -0.13382563;
  0.037119031, 0.99842763, 0.042005658, 0.013949662;
  -0.31519288, -0.028191613, 0.94860882, -0.085156478;
  0, 0, 0, 1]
Estimated_Position (SLAM Frame 533(12063)) [0.9450646, -0.047038458, 0.32348159, -0.1678109;
  0.034597725, 0.99842763, 0.044105787, -0.0018417467;
  -0.32504761, -0.030491091, 0.94520599, -0.039160017;
  0, 0, 0, 1]
Estimated_Position (SLAM Frame 534(12079)) [0.93944788, -0.036685906, 0.3407225, -0.2234395;
  0.028623799, 0.9991793, 0.028660357, -0.022241129;
  -0.34149429, -0.017172141, 0.93972695, 0.10010548;
  0, 0, 0, 1]
Estimated_Position (SLAM Frame 535(12094)) [0.92334205, -0.041915022, 0.38168392, -0.27527398;
  0.028483005, 0.99876225, 0.040776107, -0.049752604;
  -0.38292062, -0.026778787, 0.92339301, 0.20188539;
  0, 0, 0, 1]
Estimated_Position (SLAM Frame 536(12114)) [0.89505911, -0.04163257, 0.44399989, -0.3317678;
  0.031115599, 0.99903649, 0.030950809, -0.051121946;
  -0.44486067, -0.013887481, 0.89549214, 0.327243;
  0, 0, 0, 1]
Estimated_Position (SLAM Frame 537(12132)) [0.90095419, -0.036867131, 0.43234515, -0.3358236;
  0.029576773, 0.99928439, 0.023577066, -0.050090145;
  -0.43290502, -0.0084544821, 0.90139991, 0.32456687;
  0, 0, 0, 1]
Estimated_Position (SLAM Frame 538(12150)) [0.90005308, -0.038372539, 0.43408754, -0.33885676;
  0.030100347, 0.99921083, 0.025917223, -0.051651198;
  -0.43473947, -0.01026069, 0.90049779, 0.32475477;
  0, 0, 0, 1]
Estimated_Position (SLAM Frame 539(12169)) [0.89267206, -0.040682103, 0.44886702, -0.33409128;
  0.030445948, 0.99908608, 0.030001482, -0.050098404;
  -0.44967729, -0.013115303, 0.89309478, 0.32973129;
  0, 0, 0, 1]
Estimated_Position (SLAM Frame 540(12185)) [0.86163312, -0.05358652, 0.50469488, -0.33375755;
  0.036723584, 0.99838656, 0.043308958, -0.042370778;
  -0.50620133, -0.018782228, 0.86221081, 0.30374339;
  0, 0, 0, 1]
Estimated_Position (SLAM Frame 541(12203)) [0.87916023, -0.064646043, 0.47212091, -0.25422654;
  0.038769446, 0.99717432, 0.064345412, -0.039475136;
  -0.47494653, -0.038266063, 0.87918228, 0.15543409;
  0, 0, 0, 1]
Estimated_Position (SLAM Frame 542(12227)) [0.89105481, -0.063174389, 0.44947788, -0.26136956;
  0.048579682, 0.99785221, 0.043943305, -0.011560965;
  -0.45128858, -0.017320398, 0.89220995, 0.12948674;
  0, 0, 0, 1]
Estimated_Position (SLAM Frame 543(12252)) [0.84679186, -0.061045095, 0.5284099, -0.35324731;
  0.042226605, 0.99797243, 0.047622457, -0.045712255;
  -0.5302456, -0.018013354, 0.84765267, 0.33071801;
  0, 0, 0, 1]
Estimated_Position (SLAM Frame 544(12268)) [0.87317705, -0.038574189, 0.48587438, -0.37617368;
  0.031503785, 0.99924546, 0.022715131, -0.045809526;
  -0.48638397, -0.0045274482, 0.87373346, 0.32609814;
  0, 0, 0, 1]
Estimated_Position (SLAM Frame 545(12289)) [0.89425838, -0.016031476, 0.44726381, -0.38272735;
  0.01751671, 0.99984622, 0.00081505871, -0.05344297;
  -0.44720811, 0.007105717, 0.89440173, 0.41073036;
  0, 0, 0, 1]
Estimated_Position (SLAM Frame 546(12304)) [0.8989073, -0.023006916, 0.43753433, -0.36993065;
  0.021461513, 0.99973375, 0.0084767714, -0.061469331;
  -0.43761286, 0.0017703162, 0.89916176, 0.40268472;
  0, 0, 0, 1]
Estimated_Position (SLAM Frame 547(12323)) [0.89788324, -0.029828159, 0.43922198, -0.35134643;
  0.025538953, 0.99955094, 0.015672635, -0.056565262;
  -0.43949223, -0.0028549267, 0.89824188, 0.36468816;
  0, 0, 0, 1]
Estimated_Position (SLAM Frame 548(12341)) [0.89917564, -0.032045711, 0.4364129, -0.33654875;
  0.026048798, 0.99946612, 0.019720217, -0.048779789;
  -0.43681189, -0.0063639069, 0.89953035, 0.32775059;
  0, 0, 0, 1]
Estimated_Position (SLAM Frame 549(12362)) [0.9105742, -0.038311321, 0.41156638, -0.31594512;
  0.030814363, 0.99921644, 0.024838133, -0.038067676;
  -0.41219547, -0.0099348081, 0.91104126, 0.26121977;
  0, 0, 0, 1]
Estimated_Position (SLAM Frame 550(12377)) [0.92619139, -0.039854698, 0.3749415, -0.28208396;
  0.032686856, 0.99914128, 0.025460474, -0.036203828;
  -0.37563425, -0.011325613, 0.9266988, 0.20699957;
  0, 0, 0, 1]
Estimated_Position (SLAM Frame 551(12394)) [0.94192135, -0.040313542, 0.33340508, -0.21713433;
  0.033684921, 0.99910355, 0.025641048, -0.017781951;
  -0.33413988, -0.012921127, 0.94243491, 0.1334884;
  0, 0, 0, 1]
Estimated_Position (SLAM Frame 552(12415)) [0.95503676, -0.063171603, 0.28967947, -0.1171715;
  0.049247939, 0.99726486, 0.055113435, -0.028060941;
  -0.29236874, -0.038369238, 0.95553559, 0.11693408;
  0, 0, 0, 1]
Estimated_Position (SLAM Frame 553(12431)) [0.94424319, -0.057303391, 0.32422388, -0.12702498;
  0.036539976, 0.99689329, 0.069775082, -0.039151832;
  -0.32721499, -0.054037511, 0.9434036, 0.11507388;
  0, 0, 0, 1]
Estimated_Position (SLAM Frame 554(12452)) [0.93476969, -0.05939994, 0.35025313, -0.13658038;
  0.037364908, 0.99689287, 0.069343537, -0.041163139;
  -0.35328385, -0.051733058, 0.93408471, 0.12299569;
  0, 0, 0, 1]
Estimated_Position (SLAM Frame 555(12466)) [0.93051869, -0.051360775, 0.36262518, -0.14943986;
  0.036085844, 0.99815762, 0.048776522, -0.016567258;
  -0.36446229, -0.032301828, 0.93065774, 0.11828679;
  0, 0, 0, 1]
Estimated_Position (SLAM Frame 556(12489)) [0.96359187, -0.028409038, 0.26586401, -0.1470115;
  0.013539146, 0.9982481, 0.057597328, -0.051053319;
  -0.2670345, -0.051900744, 0.96228838, 0.071950711;
  0, 0, 0, 1]
Estimated_Position (SLAM Frame 583(12977)) [0.99987942, -0.0076685259, 0.013503936, 0.023286069;
  0.0076255016, 0.99996567, 0.0032346747, 0.014469853;
  -0.013528278, -0.0031313105, 0.99990356, -0.057092361;
  0, 0, 0, 1]
Estimated_Position (SLAM Frame 584(12997)) [0.99920154, -0.01408863, 0.037387401, 0.092035323;
  0.014196868, 0.99989575, -0.0026311218, 0.057958238;
  -0.037346438, 0.0031598047, 0.99929738, -0.14848837;
  0, 0, 0, 1]
Estimated_Position (SLAM Frame 585(13016)) [0.99577397, -0.02286585, 0.088946059, 0.12181441;
  0.023568599, 0.9996987, -0.0068584895, 0.087708786;
  -0.088762432, 0.0089258393, 0.99601281, -0.21302316;
  0, 0, 0, 1]
Estimated_Position (SLAM Frame 586(13034)) [0.99050426, -0.040064324, 0.13151486, 0.097459033;
  0.042953506, 0.99889249, -0.019204531, 0.11989137;
  -0.13059978, 0.024671193, 0.99112815, -0.23389907;
  0, 0, 0, 1]
Estimated_Position (SLAM Frame 587(13051)) [0.99429184, -0.029032536, 0.10266872, 0.13765067;
  0.03060195, 0.99943715, -0.013743946, 0.11935487;
  -0.10221191, 0.016807357, 0.99462062, -0.28910616;
  0, 0, 0, 1]
Estimated_Position (SLAM Frame 588(13070)) [0.99602842, -0.022017216, 0.08627031, 0.17963707;
  0.023419827, 0.99960893, -0.015279973, 0.13661169;
  -0.08590015, 0.017239723, 0.99615461, -0.36574715;
  0, 0, 0, 1]
Estimated_Position (SLAM Frame 589(13085)) [0.99278176, -0.031448416, 0.11573852, 0.18294095;
  0.032239933, 0.99946779, -0.0049727624, 0.1494496;
  -0.11552053, 0.00866827, 0.9932673, -0.46726573;
  0, 0, 0, 1]
Estimated_Position (SLAM Frame 590(13104)) [0.9976204, -0.023869039, 0.064682394, 0.23128277;
  0.02547284, 0.99938536, -0.024084695, 0.16382988;
  -0.064067759, 0.025675027, 0.99761522, -0.4148517;
  0, 0, 0, 1]
Estimated_Position (SLAM Frame 591(13119)) [0.99773335, -0.017102577, 0.065081701, 0.23025084;
  0.018638276, 0.99956024, -0.023062907, 0.16518322;
  -0.064658649, 0.024223642, 0.99761337, -0.44479913;
  0, 0, 0, 1]
Estimated_Position (SLAM Frame 592(13132)) [0.9893139, -0.021935128, 0.14414184, 0.16370995;
  0.023951953, 0.99963778, -0.012271371, 0.16772513;
  -0.14382046, 0.015592716, 0.98948097, -0.51843274;
  0, 0, 0, 1]
Estimated_Position (SLAM Frame 593(13146)) [0.99513716, -0.011573508, 0.097816378, 0.22311154;
  0.01247629, 0.99988496, -0.0086227134, 0.1651447;
  -0.097705327, 0.009801168, 0.99516714, -0.55609804;
  0, 0, 0, 1]
Estimated_Position (SLAM Frame 594(13161)) [0.99854243, -0.0055278181, 0.053688046, 0.28737479;
  0.0075838813, 0.99924254, -0.038168579, 0.20554151;
  -0.053436391, 0.038520109, 0.99782801, -0.5641219;
  0, 0, 0, 1]
Estimated_Position (SLAM Frame 595(13178)) [0.99714327, -0.022363201, 0.072146595, 0.27561557;
  0.024076488, 0.99944627, -0.022965599, 0.20047458;
  -0.071593061, 0.02463703, 0.99712962, -0.5961476;
  0, 0, 0, 1]
Estimated_Position (SLAM Frame 596(13196)) [0.98810035, -0.05649266, 0.14306056, 0.19606559;
  0.059038397, 0.99816293, -0.013609483, 0.20942947;
  -0.14202891, 0.0218936, 0.98962039, -0.62827706;
  0, 0, 0, 1]
Estimated_Position (SLAM Frame 597(13209)) [0.9863925, -0.05639581, 0.15443237, 0.14776495;
  0.061152183, 0.99778402, -0.026219992, 0.20920432;
  -0.15261145, 0.03530708, 0.9876554, -0.54858857;
  0, 0, 0, 1]
Estimated_Position (SLAM Frame 600(13255)) [0.99987829, -0.0066494844, 0.014111901, -0.029578432;
  0.0066912225, 0.99997336, -0.0029124841, -0.020964557;
  -0.014092159, 0.0030065556, 0.99989617, 0.11695872;
  0, 0, 0, 1]
Estimated_Position (SLAM Frame 601(13273)) [0.99590206, -0.017500354, 0.088728681, 0.0050385855;
  0.01709456, 0.99983966, 0.0053313128, -0.035561007;
  -0.088807754, -0.0037926878, 0.99604154, 0.22534561;
  0, 0, 0, 1]
Estimated_Position (SLAM Frame 602(13288)) [0.99252063, -0.035422135, 0.11682487, -0.010279694;
  0.034239303, 0.99934024, 0.012116828, -0.042060003;
  -0.11717699, -0.0080261994, 0.99307859, 0.29079065;
  0, 0, 0, 1]
Estimated_Position (SLAM Frame 603(13303)) [0.99028748, -0.051292878, 0.12922728, -0.044637498;
  0.049566001, 0.9986338, 0.016546123, -0.053677831;
  -0.12989943, -0.0099801393, 0.99147695, 0.37403294;
  0, 0, 0, 1]
Estimated_Position (SLAM Frame 604(13317)) [0.98763525, -0.062939487, 0.14358014, -0.069456898;
  0.060548205, 0.99794501, 0.020968108, -0.063080229;
  -0.14460482, -0.012015322, 0.98941654, 0.43754476;
  0, 0, 0, 1]
Estimated_Position (SLAM Frame 605(13342)) [0.98454887, -0.077429324, 0.15706122, -0.098636054;
  0.074959271, 0.99695265, 0.021598622, -0.081719004;
  -0.15825497, -0.0094917035, 0.98735267, 0.56170928;
  0, 0, 0, 1]
Estimated_Position (SLAM Frame 606(13360)) [0.98768979, -0.077846602, 0.13567884, -0.14679553;
  0.076188527, 0.99694198, 0.017378647, -0.10667565;
  -0.1366168, -0.0068275407, 0.99060047, 0.67393005;
  0, 0, 0, 1]
Estimated_Position (SLAM Frame 607(13373)) [0.98826957, -0.07883019, 0.1308016, -0.20170461;
  0.07714542, 0.99685907, 0.017905846, -0.12516385;
  -0.13180228, -0.0076050581, 0.99124688, 0.7371825;
  0, 0, 0, 1]
Estimated_Position (SLAM Frame 608(13396)) [0.98768407, -0.080010459, 0.13445626, -0.24633555;
  0.078202672, 0.99676245, 0.018681811, -0.14751068;
  -0.13551569, -0.0079368893, 0.9907434, 0.812105;
  0, 0, 0, 1]
Estimated_Position (SLAM Frame 609(13407)) [0.98896527, -0.078504138, 0.12563756, -0.29204339;
  0.076945201, 0.99688661, 0.017220896, -0.16321236;
  -0.12659831, -0.0073636607, 0.99192673, 0.85829794;
  0, 0, 0, 1]
Estimated_Position (SLAM Frame 610(13426)) [0.9926796, -0.071010612, 0.097697333, -0.37586135;
  0.070187666, 0.99746352, 0.011838908, -0.19321184;
  -0.098290212, -0.0048950943, 0.99514574, 0.92897564;
  0, 0, 0, 1]
Estimated_Position (SLAM Frame 611(13445)) [0.99306351, -0.05749974, 0.10256031, -0.41051793;
  0.056809854, 0.99833852, 0.0096373949, -0.21914141;
  -0.10294405, -0.0037441088, 0.99468011, 0.98011446;
  0, 0, 0, 1]
Estimated_Position (SLAM Frame 612(13459)) [0.99307835, -0.059174992, 0.10145795, -0.43891066;
  0.058651213, 0.99824536, 0.0081404457, -0.23204568;
  -0.10176163, -0.0021334691, 0.99480653, 1.0374103;
  0, 0, 0, 1]
Estimated_Position (SLAM Frame 613(13475)) [0.99401122, -0.056947879, 0.093266733, -0.4824684;
  0.056713372, 0.99837714, 0.0051651364, -0.25481978;
  -0.093409516, 0.0001552676, 0.99562776, 1.1034824;
  0, 0, 0, 1]
Estimated_Position (SLAM Frame 614(13494)) [0.99646413, -0.045689676, 0.070510089, -0.56312168;
  0.045884036, 0.99894613, -0.0011384335, -0.28725842;
  -0.070383765, 0.0043696952, 0.99751043, 1.1790093;
  0, 0, 0, 1]
Estimated_Position (SLAM Frame 615(13515)) [0.9991864, -0.030208558, 0.026720479, -0.65639561;
  0.030569151, 0.99944562, -0.013191027, -0.31621161;
  -0.026307184, 0.013997117, 0.99955589, 1.2202234;
  0, 0, 0, 1]
Estimated_Position (SLAM Frame 616(13530)) [0.99991047, -0.012054473, -0.0058116782, -0.71806431;
  0.011939519, 0.99974006, -0.019424472, -0.33000451;
  0.0060443189, 0.019353345, 0.99979442, 1.2164139;
  0, 0, 0, 1]
Estimated_Position (SLAM Frame 617(13545)) [0.99976718, -0.007473181, -0.020240918, -0.73964936;
  0.0070084184, 0.99971235, -0.022935946, -0.33501485;
  0.0204065, 0.022788748, 0.99953204, 1.2065431;
  0, 0, 0, 1]
Estimated_Position (SLAM Frame 618(13558)) [0.99966151, -0.0088770874, -0.024455566, -0.74451894;
  0.0082608378, 0.99964869, -0.025185548, -0.33427632;
  0.024670549, 0.024975, 0.99938363, 1.2026806;
  0, 0, 0, 1]
Estimated_Position (SLAM Frame 619(13571)) [0.99963033, -0.006221341, -0.026466452, -0.74689591;
  0.0055554118, 0.999668, -0.02516081, -0.33648282;
  0.026614198, 0.025004476, 0.99933302, 1.2051785;
  0, 0, 0, 1]
Estimated_Position (SLAM Frame 620(13585)) [0.99964261, -0.0065885438, -0.02590828, -0.74652064;
  0.0059329392, 0.99966228, -0.025300788, -0.33602133;
  0.026066225, 0.025138034, 0.99934411, 1.205103;
  0, 0, 0, 1]
Estimated_Position (SLAM Frame 621(13599)) [0.99965739, -0.0072036521, -0.025163028, -0.74690408;
  0.0065721176, 0.99966359, -0.025090873, -0.33554238;
  0.025335308, 0.024916902, 0.99936843, 1.2039073;
  0, 0, 0, 1]
Estimated_Position (SLAM Frame 622(13614)) [0.99950093, -0.0057383673, -0.031063151, -0.75508624;
  0.0049457527, 0.99966174, -0.025533205, -0.33620328;
  0.031199163, 0.025366832, 0.99919122, 1.1981099;
  0, 0, 0, 1]
Estimated_Position (SLAM Frame 623(13628)) [0.99947751, -0.0049427426, -0.031941913, -0.75630903;
  0.0041205063, 0.99965978, -0.02575637, -0.33504114;
  0.032058351, 0.025611296, 0.99915779, 1.1983892;
  0, 0, 0, 1]
Estimated_Position (SLAM Frame 624(13644)) [0.99954462, -0.0042814491, -0.029870315, -0.74956393;
  0.00390246, 0.99991131, -0.012734602, -0.3183217;
  0.029922187, 0.012612235, 0.99947268, 1.2000346;
  0, 0, 0, 1]
Estimated_Position (SLAM Frame 625(13659)) [0.99953514, -0.014916113, -0.026590273, -0.70025563;
  0.014267624, 0.99960011, -0.024413308, -0.31167242;
  0.026943792, 0.024022579, 0.99934828, 1.1218967;
  0, 0, 0, 1]
Estimated_Position (SLAM Frame 626(13677)) [0.99973303, -0.021059984, -0.009507319, -0.6308291;
  0.020890912, 0.99962777, -0.01754549, -0.28021398;
  0.0098732878, 0.017342189, 0.99980086, 1.0544575;
  0, 0, 0, 1]
Estimated_Position (SLAM Frame 627(13694)) [0.99938816, -0.032587077, 0.012704361, -0.55360579;
  0.032673441, 0.99944395, -0.0066506504, -0.24786311;
  -0.012480572, 0.0070616761, 0.99989718, 1.0038526;
  0, 0, 0, 1]
Estimated_Position (SLAM Frame 628(13714)) [0.99526769, -0.042958301, 0.087159418, -0.41987386;
  0.042977188, 0.9990747, 0.0016606359, -0.20738581;
  -0.087150104, 0.0020930895, 0.99619299, 0.91020894;
  0, 0, 0, 1]
Estimated_Position (SLAM Frame 629(13731)) [0.99437964, -0.050630767, 0.092982039, -0.31474397;
  0.049134843, 0.99862432, 0.018309208, -0.16329215;
  -0.093781136, -0.013637646, 0.99549943, 0.87229925;
  0, 0, 0, 1]
Estimated_Position (SLAM Frame 630(13749)) [0.98807663, -0.07355395, 0.13525683, -0.21777789;
  0.070678018, 0.99716157, 0.025949687, -0.13364539;
  -0.1367816, -0.016080594, 0.99047071, 0.83171797;
  0, 0, 0, 1]
Estimated_Position (SLAM Frame 631(13770)) [0.99522787, -0.051558752, 0.082844488, -0.23354004;
  0.050568372, 0.9986223, 0.014010211, -0.13144088;
  -0.083452702, -0.0097540412, 0.99646401, 0.75055492;
  0, 0, 0, 1]
Estimated_Position (SLAM Frame 632(13797)) [0.99682587, -0.056069139, 0.056519106, -0.18169411;
  0.055128414, 0.99831575, 0.018069567, -0.092517205;
  -0.057437059, -0.014896403, 0.99823797, 0.66150916;
  0, 0, 0, 1]
Estimated_Position (SLAM Frame 633(13815)) [0.99958056, -0.027497249, 0.0090887761, -0.19715036;
  0.027459227, 0.99961376, 0.0042820182, -0.10111759;
  -0.0092030093, -0.0040306514, 0.99994951, 0.5593186;
  0, 0, 0, 1]
Estimated_Position (SLAM Frame 634(13836)) [0.99941671, -0.027736934, 0.019922676, -0.15900177;
  0.027730545, 0.99961525, 0.00059691962, -0.086689815;
  -0.019931566, -4.4104843e-05, 0.99980134, 0.51951319;
  0, 0, 0, 1]
Estimated_Position (SLAM Frame 635(13854)) [0.99813157, -0.04799043, 0.037818458, -0.1116543;
  0.047628667, 0.99881089, 0.010409923, -0.056897536;
  -0.038273063, -0.0085892305, 0.99923038, 0.43034008;
  0, 0, 0, 1]
Estimated_Position (SLAM Frame 636(13874)) [0.99859565, -0.026371337, -0.045948364, -0.14340299;
  0.026715584, 0.99961931, 0.0068940283, -0.051682752;
  0.045749065, -0.0081118839, 0.99892002, 0.34624475;
  0, 0, 0, 1]
Estimated_Position (SLAM Frame 637(13885)) [0.99506593, 0.012798548, -0.098387077, -0.1160704;
  -0.014412273, 0.99977273, -0.01570859, -0.037658796;
  0.098163672, 0.017049063, 0.9950242, 0.20605537;
  0, 0, 0, 1]
Estimated_Position (SLAM Frame 638(13905)) [0.9925366, 0.023893466, -0.11958355, -0.050397336;
  -0.026020139, 0.99952924, -0.01625408, -0.015785489;
  0.1191389, 0.01924435, 0.9926911, 0.12454856;
  0, 0, 0, 1]
Estimated_Position (SLAM Frame 639(13917)) [0.98890859, 0.020930015, -0.14704332, -0.076325879;
  -0.022091117, 0.99973631, -0.0062675304, -0.038079735;
  0.14687337, 0.0094463658, 0.98911017, 0.10680749;
  0, 0, 0, 1]
Estimated_Position (SLAM Frame 646(14061)) [0.99985379, 0.00076189765, 0.017082671, -0.062588088;
  -0.00068747869, 0.99999022, -0.0043618497, -0.028878571;
  -0.017085828, 0.0043494683, 0.99984455, 0.13160095;
  0, 0, 0, 1]
Estimated_Position (SLAM Frame 647(14078)) [0.99751335, -0.013104265, 0.069248766, -0.07502012;
  0.013169376, 0.99991316, -0.00048379516, -0.030661181;
  -0.069236413, 0.0013945552, 0.9975993, 0.17324337;
  0, 0, 0, 1]
Estimated_Position (SLAM Frame 648(14099)) [0.99801606, -0.011448544, 0.061910644, -0.074559927;
  0.011636011, 0.99992871, -0.0026683144, -0.031013113;
  -0.061875682, 0.0033834134, 0.99807811, 0.17172393;
  0, 0, 0, 1]
Estimated_Position (SLAM Frame 649(14113)) [0.99803013, -0.010767687, 0.061805449, -0.074699081;
  0.010976544, 0.99993515, -0.0030407195, -0.031136867;
  -0.061768699, 0.0037131398, 0.99808359, 0.17133614;
  0, 0, 0, 1]
Estimated_Position (SLAM Frame 650(14130)) [0.99808568, -0.011624316, 0.060744356, -0.074985445;
  0.011810862, 0.99992657, -0.0027128453, -0.031247897;
  -0.060708363, 0.0034250955, 0.99814969, 0.17246069;
  0, 0, 0, 1]
Estimated_Position (SLAM Frame 651(14147)) [0.99810809, -0.011602711, 0.06037933, -0.074941784;
  0.011793314, 0.99992651, -0.0028013575, -0.031238914;
  -0.06034239, 0.0035081301, 0.99817157, 0.17239238;
  0, 0, 0, 1]
Estimated_Position (SLAM Frame 652(14160)) [0.99811602, -0.011435948, 0.06027925, -0.075337432;
  0.011625901, 0.99992847, -0.0028014274, -0.031547636;
  -0.060242902, 0.0034969503, 0.99817765, 0.17289393;
  0, 0, 0, 1]
Estimated_Position (SLAM Frame 653(14178)) [0.99812406, -0.011314807, 0.060168963, -0.075376861;
  0.01151082, 0.99992949, -0.0029120888, -0.031538922;
  -0.060131773, 0.00359922, 0.99818397, 0.17281145;
  0, 0, 0, 1]
Estimated_Position (SLAM Frame 654(14193)) [0.99813408, -0.011530529, 0.059962079, -0.075230382;
  0.011709856, 0.99992794, -0.0026401321, -0.031580426;
  -0.059927315, 0.003337353, 0.99819714, 0.17264864;
  0, 0, 0, 1]
Estimated_Position (SLAM Frame 655(14209)) [0.99814487, -0.011524533, 0.059783407, -0.075188525;
  0.011712158, 0.99992752, -0.0027889432, -0.031566028;
  -0.059746932, 0.003483962, 0.99820745, 0.17265567;
  0, 0, 0, 1]
Estimated_Position (SLAM Frame 656(14226)) [0.99814874, -0.011569758, 0.059709363, -0.075162344;
  0.011751444, 0.99992734, -0.0026925656, -0.031602964;
  -0.059673872, 0.0033892521, 0.99821216, 0.17257211;
  0, 0, 0, 1]
Estimated_Position (SLAM Frame 657(14240)) [0.99815208, -0.011707899, 0.059626635, -0.075225964;
  0.011891738, 0.99992555, -0.0027292336, -0.031533029;
  -0.059590247, 0.0034332545, 0.99821705, 0.17262809;
  0, 0, 0, 1]
Estimated_Position (SLAM Frame 658(14260)) [0.998164, -0.011495003, 0.059468664, -0.075119235;
  0.011678183, 0.99992806, -0.0027336287, -0.031668268;
  -0.059432965, 0.0034230957, 0.9982264, 0.1725948;
  0, 0, 0, 1]
Estimated_Position (SLAM Frame 659(14274)) [0.99817026, -0.011632021, 0.059336681, -0.075013161;
  0.011809042, 0.99992681, -0.0026335409, -0.031650793;
  -0.059301704, 0.0033294316, 0.99823457, 0.17247607;
  0, 0, 0, 1]
Estimated_Position (SLAM Frame 660(14289)) [0.99817371, -0.011583256, 0.059288178, -0.075050041;
  0.011753738, 0.9999277, -0.0025275454, -0.031757835;
  -0.059254613, 0.003219787, 0.99823773, 0.17240202;
  0, 0, 0, 1]
Estimated_Position (SLAM Frame 661(14305)) [0.99817634, -0.011539008, 0.059252836, -0.075077377;
  0.01171995, 0.99992764, -0.0027070972, -0.031687848;
  -0.059217311, 0.0033966007, 0.99823934, 0.17244326;
  0, 0, 0, 1]
Estimated_Position (SLAM Frame 662(14320)) [0.99819022, -0.011895958, 0.058947049, -0.074975953;
  0.012066022, 0.999924, -0.002529908, -0.03172946;
  -0.058912475, 0.0032365858, 0.99825788, 0.17259149;
  0, 0, 0, 1]
