Estimated_Position (SLAM Frame 7(139)) [0.99995714, 0.0014545536, 0.0091455514, 0.043822948;
  -0.0014732352, 0.99999684, 0.0020362914, 0.012960429;
  -0.0091425609, -0.0020496778, 0.99995613, -0.060722191;
  0, 0, 0, 1]
Estimated_Position (SLAM Frame 8(152)) [0.99998528, 0.0030165752, 0.0045127948, 0.063746348;
  -0.0030191045, 0.99999529, 0.00055375439, 0.018953785;
  -0.004511103, -0.00056737085, 0.99998969, -0.087406956;
  0, 0, 0, 1]
Estimated_Position (SLAM Frame 9(161)) [0.99998504, 0.0049943058, 0.0022356512, 0.07155969;
  -0.0049950704, 0.99998748, 0.00033650981, 0.020954354;
  -0.0022339427, -0.000347672, 0.99999744, -0.096795857;
  0, 0, 0, 1]
Estimated_Position (SLAM Frame 10(173)) [0.99997443, -0.00010567068, -0.0071483008, 0.083612323;
  0.00012331868, 0.99999696, 0.0024684423, 0.023435956;
  0.0071480181, -0.0024692607, 0.99997139, -0.11468395;
  0, 0, 0, 1]
Estimated_Position (SLAM Frame 11(187)) [0.99987268, 0.0014033761, -0.015896117, 0.094787024;
  -0.0014042992, 0.99999899, -4.6909154e-05, 0.027539929;
  0.015896037, 6.9226087e-05, 0.99987364, -0.13130008;
  0, 0, 0, 1]
Estimated_Position (SLAM Frame 12(200)) [0.99997842, 0.0058284551, -0.0030227578, 0.10197678;
  -0.0058379052, 0.99997807, -0.0031269926, 0.031771187;
  0.003004466, 0.0031445718, 0.99999052, -0.14763507;
  0, 0, 0, 1]
Estimated_Position (SLAM Frame 13(213)) [0.99997878, 0.0065177176, 0.00012324372, 0.1102464;
  -0.0065172128, 0.99997181, -0.0037291581, 0.034644879;
  -0.00014754584, 0.0037282757, 0.99999303, -0.16464981;
  0, 0, 0, 1]
Estimated_Position (SLAM Frame 14(229)) [0.99991333, 0.010690707, 0.0076833963, 0.12185171;
  -0.010633547, 0.99991578, -0.0074421391, 0.040135734;
  -0.007762311, 0.007359792, 0.99994278, -0.1894922;
  0, 0, 0, 1]
Estimated_Position (SLAM Frame 15(245)) [0.99992788, 0.010029407, 0.0066080112, 0.13640459;
  -0.0099677108, 0.99990702, -0.0093042841, 0.045700256;
  -0.0067007132, 0.0092377467, 0.99993485, -0.21875004;
  0, 0, 0, 1]
Estimated_Position (SLAM Frame 16(260)) [0.99992114, 0.010910419, 0.0062182988, 0.1522737;
  -0.010834733, 0.99986833, -0.01207791, 0.052254353;
  -0.0063492553, 0.012009583, 0.99990773, -0.24747437;
  0, 0, 0, 1]
Estimated_Position (SLAM Frame 17(278)) [0.99992865, 0.011385409, 0.0036167705, 0.16624939;
  -0.011340443, 0.99986106, -0.012219016, 0.056680124;
  -0.0037553862, 0.012177127, 0.99991882, -0.27221835;
  0, 0, 0, 1]
Estimated_Position (SLAM Frame 18(293)) [0.99990004, 0.01299578, 0.0055697542, 0.17608692;
  -0.012912381, 0.99980772, -0.014756597, 0.061989319;
  -0.0057604569, 0.014683203, 0.99987561, -0.29508531;
  0, 0, 0, 1]
Estimated_Position (SLAM Frame 19(304)) [0.99993777, 0.010417514, 0.0039887917, 0.18989795;
  -0.010367398, 0.99986953, -0.012385142, 0.065976746;
  -0.0041172937, 0.012343018, 0.99991536, -0.3168312;
  0, 0, 0, 1]
Estimated_Position (SLAM Frame 20(319)) [0.99993992, 0.0065852324, -0.0087619731, 0.20911382;
  -0.0066738445, 0.99992651, -0.010122731, 0.070302501;
  0.0086946683, 0.010180599, 0.99991035, -0.33972111;
  0, 0, 0, 1]
Estimated_Position (SLAM Frame 21(332)) [0.99984157, 0.010186061, -0.014596688, 0.2213338;
  -0.010376083, 0.99986166, -0.013002078, 0.073596112;
  0.014462228, 0.013151474, 0.99980891, -0.349527;
  0, 0, 0, 1]
Estimated_Position (SLAM Frame 22(346)) [0.99972683, 0.011041557, -0.020598464, 0.24266064;
  -0.011300857, 0.99985784, -0.012514686, 0.078731827;
  0.020457353, 0.012744049, 0.99970949, -0.37183836;
  0, 0, 0, 1]
Estimated_Position (SLAM Frame 23(359)) [0.9997834, 0.019953622, 0.0059168381, 0.25021893;
  -0.019843539, 0.99963897, -0.018113917, 0.088612385;
  -0.0062761405, 0.017992582, 0.99981844, -0.40550676;
  0, 0, 0, 1]
Estimated_Position (SLAM Frame 24(373)) [0.99978769, 0.018656973, 0.0087468447, 0.26066631;
  -0.018499695, 0.99967164, -0.017729923, 0.093280606;
  -0.0090747597, 0.017564343, 0.99980456, -0.41940972;
  0, 0, 0, 1]
Estimated_Position (SLAM Frame 25(385)) [0.99969727, 0.020699669, 0.013298026, 0.26642042;
  -0.020442352, 0.99960661, -0.019203015, 0.097463258;
  -0.013690291, 0.018925358, 0.99972719, -0.43171611;
  0, 0, 0, 1]
Estimated_Position (SLAM Frame 26(398)) [0.99965984, 0.021280723, 0.015077694, 0.27415729;
  -0.020952303, 0.99954677, -0.021614892, 0.10128485;
  -0.015530841, 0.021291627, 0.99965268, -0.44369015;
  0, 0, 0, 1]
Estimated_Position (SLAM Frame 27(411)) [0.99964285, 0.021394033, 0.016015517, 0.2861703;
  -0.021075573, 0.99958187, -0.019795876, 0.10459831;
  -0.016432334, 0.019451268, 0.99967575, -0.46172363;
  0, 0, 0, 1]
Estimated_Position (SLAM Frame 28(425)) [0.99977863, 0.020418648, 0.0050740694, 0.30109081;
  -0.020333761, 0.99966115, -0.016252758, 0.10367358;
  -0.0054042093, 0.016145984, 0.99985504, -0.47121254;
  0, 0, 0, 1]
Estimated_Position (SLAM Frame 29(437)) [0.99981838, 0.019000698, 0.0014883907, 0.30161402;
  -0.018973319, 0.99968141, -0.016644534, 0.10423301;
  -0.0018041744, 0.016613271, 0.99986035, -0.4670808;
  0, 0, 0, 1]
Estimated_Position (SLAM Frame 30(451)) [0.99975085, 0.016464807, -0.015069604, 0.30927488;
  -0.016706198, 0.99973184, -0.016035222, 0.10355359;
  0.014801546, 0.016282981, 0.99975789, -0.46176711;
  0, 0, 0, 1]
Estimated_Position (SLAM Frame 31(465)) [0.99969667, 0.014674767, -0.01977874, 0.29731607;
  -0.014994891, 0.99975735, -0.016135348, 0.10015255;
  0.019537158, 0.016427033, 0.9996742, -0.44398987;
  0, 0, 0, 1]
Estimated_Position (SLAM Frame 32(485)) [0.9993794, 0.011826645, -0.033179898, 0.26513278;
  -0.012297601, 0.99982601, -0.014026003, 0.08713109;
  0.033008244, 0.014425332, 0.99935097, -0.39124668;
  0, 0, 0, 1]
Estimated_Position (SLAM Frame 33(500)) [0.99964982, 0.01446638, -0.022158427, 0.25965589;
  -0.014894242, 0.99970341, -0.019267479, 0.088398457;
  0.021873124, 0.019590765, 0.99956882, -0.37832984;
  0, 0, 0, 1]
Estimated_Position (SLAM Frame 34(512)) [0.99980164, 0.010777645, -0.016748302, 0.25175053;
  -0.010980616, 0.99986678, -0.012074568, 0.08331617;
  0.016615937, 0.012256079, 0.99978685, -0.37156394;
  0, 0, 0, 1]
Estimated_Position (SLAM Frame 35(526)) [0.99969643, 0.018369138, -0.016420545, 0.23350717;
  -0.018703666, 0.99961579, -0.0204565, 0.07940264;
  0.016038468, 0.020757414, 0.9996559, -0.33043131;
  0, 0, 0, 1]
Estimated_Position (SLAM Frame 36(543)) [0.99993968, 0.010765736, 0.0021822914, 0.18918958;
  -0.010745518, 0.99990112, -0.0090739075, 0.061439365;
  -0.0022797629, 0.0090499101, 0.99995643, -0.26788992;
  0, 0, 0, 1]
Estimated_Position (SLAM Frame 37(561)) [0.9994992, 0.016446214, 0.027034411, 0.14210072;
  -0.016199423, 0.9998253, -0.0093226079, 0.048331082;
  -0.027183009, 0.0088799978, 0.99959105, -0.21115567;
  0, 0, 0, 1]
Estimated_Position (SLAM Frame 38(580)) [0.99905056, 0.015700236, 0.040638246, 0.11245638;
  -0.015409385, 0.99985343, -0.0074604885, 0.038624246;
  -0.040749419, 0.0068271952, 0.99914604, -0.17271839;
  0, 0, 0, 1]
Estimated_Position (SLAM Frame 39(595)) [0.99847496, 0.017238056, 0.052446026, 0.088052683;
  -0.016960019, 0.99983966, -0.0057418658, 0.031320188;
  -0.052536599, 0.0048436234, 0.99860728, -0.13911563;
  0, 0, 0, 1]
Estimated_Position (SLAM Frame 40(614)) [0.99823564, 0.017741648, 0.056664642, 0.065520376;
  -0.017346172, 0.99982166, -0.0074635176, 0.025832713;
  -0.056786954, 0.0064674341, 0.99836534, -0.10596842;
  0, 0, 0, 1]
Estimated_Position (SLAM Frame 41(629)) [0.99760276, 0.016240723, 0.067267843, 0.037826203;
  -0.015921989, 0.99985933, -0.0052717119, 0.017896468;
  -0.067343995, 0.0041880361, 0.99772102, -0.062463772;
  0, 0, 0, 1]
Estimated_Position (SLAM Frame 42(644)) [0.99836922, 0.008670209, 0.056424987, 0.029398173;
  -0.0087575093, 0.99996078, 0.0013001126, 0.012187027;
  -0.056411505, -0.0017921347, 0.99840599, -0.04992504;
  0, 0, 0, 1]
Estimated_Position (SLAM Frame 43(660)) [0.99883109, 0.0099955918, 0.047292497, 0.031674176;
  -0.0098567102, 0.99994642, -0.0031689568, 0.013732018;
  -0.047321636, 0.0026991041, 0.99887604, -0.047876798;
  0, 0, 0, 1]
Estimated_Position (SLAM Frame 44(678)) [0.99864739, 0.010603286, 0.050901838, 0.033724315;
  -0.01042582, 0.99993861, -0.0037506931, 0.015553475;
  -0.050938483, 0.0032149262, 0.99869663, -0.05253337;
  0, 0, 0, 1]
Estimated_Position (SLAM Frame 45(695)) [0.99894965, 0.012045833, 0.044210106, 0.06282974;
  -0.011874658, 0.99992096, -0.0041324459, 0.022336891;
  -0.044256389, 0.0036031255, 0.99901372, -0.09760607;
  0, 0, 0, 1]
Estimated_Position (SLAM Frame 46(710)) [0.99980217, 0.012569028, 0.015413917, 0.094179176;
  -0.012468834, 0.99990064, -0.0065791733, 0.029771524;
  -0.015495079, 0.0063856784, 0.99985957, -0.1333815;
  0, 0, 0, 1]
Estimated_Position (SLAM Frame 47(730)) [0.99909413, 0.0081026303, 0.041776735, 0.13273831;
  -0.0079038376, 0.99995667, -0.0049214265, 0.047300979;
  -0.0418148, 0.0045867716, 0.99911487, -0.15566795;
  0, 0, 0, 1]
Estimated_Position (SLAM Frame 48(747)) [0.99992245, 0.0094462065, 0.0081156632, 0.17805821;
  -0.0093531627, 0.99989098, -0.011427187, 0.062549591;
  -0.0082227224, 0.011350394, 0.99990177, -0.23499137;
  0, 0, 0, 1]
Estimated_Position (SLAM Frame 49(760)) [0.99990273, 0.013082951, -0.0048321662, 0.22277895;
  -0.013155753, 0.99979556, -0.015354643, 0.071850099;
  0.0046302942, 0.01541672, 0.99987042, -0.31182081;
  0, 0, 0, 1]
Estimated_Position (SLAM Frame 50(773)) [0.99901879, 0.042241108, -0.013310262, 0.2562834;
  -0.042693079, 0.99844909, -0.035731327, 0.081017673;
  0.011780288, 0.036264524, 0.99927276, -0.30808961;
  0, 0, 0, 1]
Estimated_Position (SLAM Frame 51(787)) [0.9987613, 0.049623534, 0.0036544399, 0.25075522;
  -0.049452841, 0.99807739, -0.037362784, 0.079309657;
  -0.0055014873, 0.03713578, 0.99929506, -0.30648562;
  0, 0, 0, 1]
Estimated_Position (SLAM Frame 52(800)) [0.99835825, 0.038499814, 0.04240999, 0.21627478;
  -0.037249997, 0.99885929, -0.029876284, 0.077725388;
  -0.043511841, 0.028247463, 0.99865347, -0.317711;
  0, 0, 0, 1]
Estimated_Position (SLAM Frame 53(815)) [0.99906421, 0.007145362, 0.04265774, 0.20086451;
  -0.0061999355, 0.99973309, -0.022254387, 0.075837336;
  -0.04280537, 0.021969086, 0.99884188, -0.31985086;
  0, 0, 0, 1]
Estimated_Position (SLAM Frame 54(828)) [0.99989933, 0.0048083854, 0.013351273, 0.23135339;
  -0.004456142, 0.99964446, -0.026288334, 0.085506447;
  -0.013472931, 0.026226193, 0.99956524, -0.35361493;
  0, 0, 0, 1]
Estimated_Position (SLAM Frame 55(845)) [0.9997167, 0.0069048456, -0.022778446, 0.25937468;
  -0.0073030782, 0.99982113, -0.017446255, 0.086970933;
  0.022653908, 0.017607667, 0.99958831, -0.37455755;
  0, 0, 0, 1]
Estimated_Position (SLAM Frame 56(864)) [0.99690568, 0.027059389, 0.073802598, 0.22415701;
  -0.025467535, 0.9994241, -0.022425689, 0.090236135;
  -0.07436692, 0.020476727, 0.99702072, -0.399593;
  0, 0, 0, 1]
Estimated_Position (SLAM Frame 57(878)) [0.98992926, 0.030856328, 0.1381592, 0.18038221;
  -0.026917897, 0.99917877, -0.030285167, 0.092501298;
  -0.13898024, 0.026261216, 0.9899469, -0.36080828;
  0, 0, 0, 1]
Estimated_Position (SLAM Frame 58(895)) [0.99274611, 0.026685437, 0.11723082, 0.18467627;
  -0.025011657, 0.99956346, -0.015725918, 0.076051585;
  -0.11759929, 0.012679706, 0.99298018, -0.32432905;
  0, 0, 0, 1]
Estimated_Position (SLAM Frame 59(908)) [0.993617, 0.021118097, 0.11081208, 0.16846658;
  -0.019946566, 0.99973291, -0.011670296, 0.066447251;
  -0.11102895, 0.0093854843, 0.99377286, -0.27618492;
  0, 0, 0, 1]
Estimated_Position (SLAM Frame 60(926)) [0.99666202, 0.0077330107, 0.081270948, 0.1403241;
  -0.0077668591, 0.99996984, 0.00010035674, 0.045895368;
  -0.081267722, -0.00073124177, 0.99669206, -0.22334813;
  0, 0, 0, 1]
Estimated_Position (SLAM Frame 61(943)) [0.99662524, 0.022365635, 0.078980237, 0.1244683;
  -0.02116671, 0.99964815, -0.015984854, 0.048383012;
  -0.079309963, 0.014259157, 0.99674803, -0.18767619;
  0, 0, 0, 1]
Estimated_Position (SLAM Frame 62(957)) [0.99687266, 0.017687311, 0.077019691, 0.084207714;
  -0.016980354, 0.99980754, -0.0098242117, 0.03290467;
  -0.077178635, 0.0084856665, 0.99698114, -0.14094204;
  0, 0, 0, 1]
Estimated_Position (SLAM Frame 63(973)) [0.99426049, 0.026013181, 0.10377589, 0.06829416;
  -0.024125107, 0.99952054, -0.019407867, 0.041269556;
  -0.10423099, 0.016792869, 0.99441135, -0.1358297;
  0, 0, 0, 1]
Estimated_Position (SLAM Frame 64(986)) [0.98258984, 0.081090711, 0.16715705, 0.054728344;
  -0.072659209, 0.99578547, -0.055963833, 0.055203907;
  -0.17099072, 0.042843994, 0.98434067, -0.16612412;
  0, 0, 0, 1]
Estimated_Position (SLAM Frame 65(1001)) [0.98848647, 0.021890825, 0.14971738, 0.057246096;
  -0.020100703, 0.99970734, -0.013459664, 0.030176567;
  -0.14996821, 0.010295271, 0.98863721, -0.089656763;
  0, 0, 0, 1]
Estimated_Position (SLAM Frame 66(1020)) [0.99298459, 0.08615841, 0.080983534, 0.07023149;
  -0.080116607, 0.99395156, -0.075110666, 0.057439387;
  -0.086965129, 0.06809561, 0.99388129, -0.16056187;
  0, 0, 0, 1]
Estimated_Position (SLAM Frame 67(1037)) [0.98198217, 0.087202698, 0.1676507, 0.044610497;
  -0.078090817, 0.99512655, -0.06020809, 0.052555937;
  -0.17208396, 0.046031289, 0.98400623, -0.15396141;
  0, 0, 0, 1]
Estimated_Position (SLAM Frame 68(1052)) [0.98786926, 0.084580436, 0.13023233, 0.050065085;
  -0.076288216, 0.99480486, -0.067404538, 0.054816235;
  -0.13525686, 0.056651678, 0.98918962, -0.15183021;
  0, 0, 0, 1]
Estimated_Position (SLAM Frame 69(1064)) [0.99493283, 0.055472117, 0.08385428, 0.046297628;
  -0.050927863, 0.99716491, -0.055394251, 0.04783665;
  -0.086689383, 0.050843038, 0.99493718, -0.14080398;
  0, 0, 0, 1]
Estimated_Position (SLAM Frame 70(1078)) [0.99882215, 0.031943228, 0.036523011, 0.063210882;
  -0.03047334, 0.99873018, -0.040117729, 0.039860088;
  -0.037758123, 0.038957499, 0.99852723, -0.10076284;
  0, 0, 0, 1]
Estimated_Position (SLAM Frame 71(1092)) [0.99985641, 0.0085038943, 0.01465614, 0.072946623;
  -0.0083716465, 0.99992388, -0.0090611968, 0.021419886;
  -0.01473208, 0.0089372005, 0.99985152, -0.080525264;
  0, 0, 0, 1]
Estimated_Position (SLAM Frame 72(1109)) [0.99971867, 0.0054515242, 0.023084022, 0.088924445;
  -0.0052679665, 0.9999541, -0.0080050798, 0.028144717;
  -0.023126602, 0.0078812223, 0.9997015, -0.12179684;
  0, 0, 0, 1]
Estimated_Position (SLAM Frame 73(1126)) [0.99998957, 0.0042359005, 0.0016938169, 0.098161697;
  -0.0042182389, 0.99993807, -0.010298369, 0.030186122;
  -0.0017373349, 0.010291117, 0.99994552, -0.12741674;
  0, 0, 0, 1]
Estimated_Position (SLAM Frame 74(1149)) [0.99972314, -0.0020325638, 0.023442598, 0.12808193;
  0.0021881652, 0.99997574, -0.006613811, 0.041678913;
  -0.023428585, 0.0066632759, 0.99970329, -0.1160195;
  0, 0, 0, 1]
Estimated_Position (SLAM Frame 75(1167)) [0.99877691, 0.016347663, 0.046663407, 0.12608448;
  -0.015446156, 0.99968827, -0.019615037, 0.043859959;
  -0.046969522, 0.018870277, 0.99871808, -0.12406097;
  0, 0, 0, 1]
Estimated_Position (SLAM Frame 76(1183)) [0.99880093, 0.015634088, 0.046392765, 0.12050098;
  -0.014763795, 0.99970967, -0.019042989, 0.041915201;
  -0.046677016, 0.018335223, 0.99874175, -0.12404124;
  0, 0, 0, 1]
Estimated_Position (SLAM Frame 77(1201)) [0.99850154, 0.015676482, 0.052429672, 0.10410377;
  -0.014776766, 0.99973756, -0.017504271, 0.039896958;
  -0.05269032, 0.0167033, 0.9984712, -0.13650121;
  0, 0, 0, 1]
Estimated_Position (SLAM Frame 78(1216)) [0.99833435, 0.01574979, 0.055501796, 0.10439246;
  -0.01507346, 0.99980718, -0.012583381, 0.038334109;
  -0.055689279, 0.011725819, 0.99837929, -0.1644939;
  0, 0, 0, 1]
Estimated_Position (SLAM Frame 79(1231)) [0.99838299, 0.015171935, 0.054783884, 0.10422147;
  -0.014546664, 0.99982464, -0.011794208, 0.038019285;
  -0.054953218, 0.010978214, 0.99842858, -0.16651496;
  0, 0, 0, 1]
Estimated_Position (SLAM Frame 80(1246)) [0.99844456, 0.015153063, 0.053654719, 0.10480996;
  -0.01452727, 0.99982208, -0.012034249, 0.038360365;
  -0.053827524, 0.011236074, 0.99848706, -0.16784489;
  0, 0, 0, 1]
Estimated_Position (SLAM Frame 81(1267)) [0.99856716, 0.014721989, 0.05144839, 0.10544289;
  -0.014131462, 0.99983025, -0.011823043, 0.038131364;
  -0.051613715, 0.011079061, 0.99860567, -0.16756876;
  0, 0, 0, 1]
Estimated_Position (SLAM Frame 82(1284)) [0.99863631, 0.014553224, 0.05013755, 0.10552295;
  -0.013968548, 0.99983054, -0.011992173, 0.038174007;
  -0.050303578, 0.011275471, 0.99867034, -0.16722111;
  0, 0, 0, 1]
Estimated_Position (SLAM Frame 83(1304)) [0.99871886, 0.014457308, 0.048493043, 0.10586584;
  -0.013902714, 0.99983424, -0.011754431, 0.037967604;
  -0.04865494, 0.011065187, 0.99875438, -0.16718639;
  0, 0, 0, 1]
Estimated_Position (SLAM Frame 84(1322)) [0.99877441, 0.014202196, 0.047413066, 0.10591248;
  -0.013661454, 0.99983811, -0.01170957, 0.038085632;
  -0.047571693, 0.011047487, 0.99880672, -0.16747518;
  0, 0, 0, 1]
Estimated_Position (SLAM Frame 85(1338)) [0.99883777, 0.013979415, 0.046126988, 0.1064771;
  -0.01345009, 0.99984032, -0.011765911, 0.038087856;
  -0.046284106, 0.011131824, 0.99886626, -0.16772074;
  0, 0, 0, 1]
Estimated_Position (SLAM Frame 86(1356)) [0.99888361, 0.014123933, 0.045078829, 0.10678342;
  -0.013603833, 0.99983758, -0.011823615, 0.038077485;
  -0.045238502, 0.01119717, 0.99891347, -0.16780952;
  0, 0, 0, 1]
Estimated_Position (SLAM Frame 87(1374)) [0.9989239, 0.013548217, 0.044355996, 0.10664653;
  -0.013051313, 0.99984902, -0.011473132, 0.038036831;
  -0.044504739, 0.010881882, 0.99894989, -0.16785337;
  0, 0, 0, 1]
Estimated_Position (SLAM Frame 88(1390)) [0.9989751, 0.013587597, 0.04317506, 0.107316;
  -0.013091378, 0.99984521, -0.011755232, 0.038309481;
  -0.043328103, 0.011177963, 0.99899834, -0.16813733;
  0, 0, 0, 1]
Estimated_Position (SLAM Frame 89(1413)) [0.99901903, 0.013570211, 0.042153064, 0.10751797;
  -0.013097107, 0.99984831, -0.011479434, 0.037892289;
  -0.042302448, 0.010916089, 0.99904519, -0.1679471;
  0, 0, 0, 1]
Estimated_Position (SLAM Frame 90(1430)) [0.99907076, 0.013443791, 0.040949099, 0.10777786;
  -0.012971712, 0.99984658, -0.01177241, 0.038103487;
  -0.041101079, 0.011230291, 0.99909186, -0.16800328;
  0, 0, 0, 1]
Estimated_Position (SLAM Frame 91(1446)) [0.99910885, 0.013086516, 0.040128205, 0.10775697;
  -0.012645567, 0.99985707, -0.011222756, 0.037609711;
  -0.040269338, 0.010705312, 0.9991315, -0.16760848;
  0, 0, 0, 1]
Estimated_Position (SLAM Frame 92(1466)) [0.99912268, 0.013547393, 0.039627176, 0.10786085;
  -0.013095272, 0.9998464, -0.011646789, 0.037768647;
  -0.039778873, 0.011117643, 0.99914664, -0.16771916;
  0, 0, 0, 1]
Estimated_Position (SLAM Frame 93(1484)) [0.99916333, 0.013235944, 0.038697027, 0.10813843;
  -0.012795482, 0.99985075, -0.011607923, 0.037809126;
  -0.038844895, 0.011103063, 0.99918354, -0.16782992;
  0, 0, 0, 1]
Estimated_Position (SLAM Frame 94(1503)) [0.99920952, 0.01265683, 0.037684284, 0.10824841;
  -0.012237076, 0.9998607, -0.011348621, 0.037752472;
  -0.037822671, 0.010878505, 0.99922526, -0.16775225;
  0, 0, 0, 1]
Estimated_Position (SLAM Frame 95(1523)) [0.99922448, 0.012971989, 0.037177943, 0.1084645;
  -0.012544372, 0.99985272, -0.011712166, 0.03792841;
  -0.037324399, 0.01123671, 0.99924004, -0.16803539;
  0, 0, 0, 1]
Estimated_Position (SLAM Frame 96(1539)) [0.9992522, 0.012918536, 0.036443487, 0.10867867;
  -0.012508643, 0.99985617, -0.011453037, 0.037710778;
  -0.036586199, 0.010988614, 0.99927008, -0.1681205;
  0, 0, 0, 1]
Estimated_Position (SLAM Frame 97(1557)) [0.99929476, 0.012655459, 0.035352062, 0.10882989;
  -0.012253925, 0.9998582, -0.011551814, 0.037650168;
  -0.03549324, 0.011110467, 0.99930817, -0.16675448;
  0, 0, 0, 1]
Estimated_Position (SLAM Frame 98(1574)) [0.99933249, 0.012278194, 0.034406316, 0.1091174;
  -0.011891213, 0.99986398, -0.011429529, 0.037643526;
  -0.034541972, 0.011012767, 0.99934256, -0.16652484;
  0, 0, 0, 1]
Estimated_Position (SLAM Frame 99(1597)) [0.99938357, 0.011554497, 0.033150114, 0.10956562;
  -0.011205805, 0.99988014, -0.01068518, 0.037204567;
  -0.033269603, 0.01030712, 0.99939328, -0.16592263;
  0, 0, 0, 1]
Estimated_Position (SLAM Frame 100(1615)) [0.99940687, 0.011532318, 0.032448404, 0.10971295;
  -0.011188216, 0.99987942, -0.010766278, 0.037137453;
  -0.032568652, 0.010396853, 0.9994154, -0.16565523;
  0, 0, 0, 1]
Estimated_Position (SLAM Frame 101(1633)) [0.9994303, 0.011158812, 0.031851359, 0.10996969;
  -0.010828, 0.9998858, -0.010539791, 0.037118122;
  -0.031965334, 0.0101889, 0.99943703, -0.16563846;
  0, 0, 0, 1]
Estimated_Position (SLAM Frame 102(1650)) [0.99945217, 0.011239618, 0.031128692, 0.11000954;
  -0.010916116, 0.99988484, -0.010542959, 0.037038878;
  -0.031243606, 0.01019738, 0.9994598, -0.1651565;
  0, 0, 0, 1]
Estimated_Position (SLAM Frame 103(1667)) [0.99947149, 0.011215146, 0.030512635, 0.11013704;
  -0.010894194, 0.99988377, -0.010664637, 0.037028842;
  -0.030628692, 0.010326589, 0.99947751, -0.16496195;
  0, 0, 0, 1]
Estimated_Position (SLAM Frame 104(1688)) [0.99949396, 0.011105913, 0.029808246, 0.11027699;
  -0.010789195, 0.99988383, -0.010765072, 0.037177902;
  -0.029924339, 0.010438017, 0.99949765, -0.16509989;
  0, 0, 0, 1]
Estimated_Position (SLAM Frame 105(1708)) [0.99951756, 0.01089486, 0.029085711, 0.11050873;
  -0.010587889, 0.99988681, -0.01068726, 0.037150245;
  -0.029198855, 0.010374147, 0.99951977, -0.16480955;
  0, 0, 0, 1]
Estimated_Position (SLAM Frame 106(1724)) [0.99953842, 0.010834252, 0.028381551, 0.11085577;
  -0.010536948, 0.99988824, -0.010603931, 0.03708237;
  -0.028493265, 0.010299982, 0.99954093, -0.16478364;
  0, 0, 0, 1]
Estimated_Position (SLAM Frame 107(1738)) [0.99955869, 0.010711883, 0.027707428, 0.11097338;
  -0.010425618, 0.99989098, -0.010455625, 0.036976676;
  -0.027816406, 0.010162144, 0.99956137, -0.16456848;
  0, 0, 0, 1]
